"id","extro","open","agree","social","class","school"
1,63.6935560100888,43.4330562390976,38.0266832281158,75.0581126982124,"d","IV"
2,69.4824364212664,46.8697900928332,31.4895710620668,98.125603117275,"a","VI"
3,79.7400574938528,32.2701275892036,40.2086568353318,116.338966540893,"d","VI"
4,62.9667383959429,44.4079048341994,30.5086578417797,90.4688772775817,"c","IV"
5,64.2458206626943,36.8633713482302,37.4394934428845,98.5187267133143,"d","IV"
6,50.9710711835449,46.256267152613,38.8319622073254,75.2199236881761,"d","I"
7,60.147396814114,37.0424336637548,38.5595903622447,95.9129914302522,"d","III"
8,64.1788557145624,42.1652976136802,34.8823506366644,91.4525650526226,"d","IV"
9,56.6766973473017,32.8493294182861,31.680269797132,115.251667122947,"a","III"
10,47.2391384254335,44.2576447910767,24.9996967453117,122.708479516541,"b","I"
11,74.3498379947753,49.4123019041778,39.7379991202843,88.8620320316235,"c","VI"
12,57.7498886889282,40.7573575907216,31.795698061969,94.336947142032,"b","III"
13,64.1365440266114,38.0172602473984,33.3853904834909,92.2641174965176,"d","IV"
14,59.0303557840526,39.6968971282219,29.7032676082601,96.5952402786534,"c","III"
15,55.1693163959372,31.2554142912031,33.6963936797821,117.714630313124,"c","II"
16,41.0971208279758,38.7064903258085,30.9784894600148,113.914826671589,"a","I"
17,45.774441597814,35.053842077756,36.8023341625547,107.305819507398,"b","I"
18,54.5758504848461,42.8860558510466,27.0843735028283,103.845869055386,"c","II"
19,55.0572075092626,39.439777995892,41.3690183065492,119.483622372282,"c","II"
20,67.9399144387021,42.2454201127091,26.580163539604,101.737621718858,"d","V"
21,68.0068450171785,44.2332158643575,28.6767475442593,82.3391132177082,"d","V"
22,52.016689237323,37.4383365165464,33.2945038792309,64.7557787352916,"a","II"
23,57.8382682243317,41.3186856747805,31.376445581791,93.4485924148585,"b","III"
24,57.2992023919543,40.5220736958384,36.4627183924716,104.021427790134,"a","III"
25,55.6276745588887,39.3241420178346,34.0339825478696,107.012455595238,"d","II"
26,74.6985295569147,35.3558591671464,35.6822275782307,138.77047570185,"c","VI"
27,63.150481004784,43.3942539686662,37.5543854808191,93.9460836714258,"c","IV"
28,53.6861111661931,45.4145064378505,28.2268512833736,96.796010070899,"b","II"
29,56.8391139247522,43.3166839870097,32.047610107422,99.2458534797406,"a","III"
30,71.7859040249572,37.0641502301234,39.7373057576199,80.7031183601388,"b","VI"
31,64.6169401190513,47.8005380232273,35.3628245860768,99.3754646189164,"a","V"
32,43.2409225676335,30.5419670768071,24.1654116442328,103.871516197745,"a","I"
33,44.3200784804053,39.6484103856795,35.0967737177937,75.8547693578104,"b","I"
34,54.3982963173196,43.6151161476585,32.8514075364766,116.553333610606,"c","II"
35,71.3597083827527,39.4687488343195,31.1188286050248,93.2401706894522,"b","VI"
36,68.7280907141363,40.73793625957,38.9002401949644,89.8699862205104,"d","V"
37,47.6506664201136,38.0746555039281,38.4986118317785,107.542535511923,"c","I"
38,68.6112915457836,44.2245380846591,38.4053447390539,101.67272188089,"d","V"
39,57.2373517469996,41.3635617548847,32.619101122781,108.19654534611,"a","III"
40,62.8171155538664,37.2816303673915,26.5973122104439,103.475930658899,"c","IV"
41,65.9246207713302,40.6813837843027,36.5339446282372,74.6903677973421,"b","V"
42,55.6476302829583,30.526469314168,34.9465589080736,90.9075907380557,"d","II"
43,49.2841581143391,43.7165844684755,29.4807700848834,88.705279624185,"d","I"
44,78.1482318505543,37.2763947537525,36.7687295134098,83.5964882485576,"d","VI"
45,42.147521427834,44.2946203309349,31.2717102860063,81.3619340228847,"a","I"
46,65.1290937182783,44.6186459511937,39.5501197458619,89.9197244952163,"a","V"
47,73.1404372508458,37.2288436263292,41.9353305250096,124.428835923879,"c","VI"
48,54.8561592543688,42.132123387171,32.7728156706754,97.651290051834,"c","II"
49,62.8364761606039,31.7984495344022,33.476009289159,84.4669767045018,"c","IV"
50,47.7634933286992,37.5011527364511,30.8280434550569,118.13880224227,"c","I"
51,63.7197428030459,40.7390134004429,35.2577626813368,85.6435060426633,"d","IV"
52,48.5939017951929,33.7202303403432,38.5028446012656,98.0864205882663,"c","I"
53,70.1234761990437,38.3579062198836,26.2652115629603,129.628808613956,"a","VI"
54,55.9626532941629,33.7179461139345,30.0311654518802,97.730848821882,"d","II"
55,78.1856317297012,50.4442705177899,44.2628871783555,109.646672796309,"d","VI"
56,49.6622969389932,45.636964196,40.2158549795448,102.709433642016,"d","I"
57,58.409211463865,38.3163720904142,38.7171225223328,78.9560346713338,"c","III"
58,56.5651189395652,38.6052182003794,35.533875765792,130.01974567674,"a","III"
59,57.6598121238167,37.9944175989633,30.1206319738257,88.4653209409914,"b","III"
60,51.6726418654466,49.8846548754509,37.9917669451645,93.6858093546395,"a","II"
61,59.0429338544574,36.6015311501129,30.9025097480629,105.227071184556,"c","III"
62,47.3402253508414,43.1568987647267,30.4081586943996,86.656902297099,"b","I"
63,47.4567919968758,29.5075070711373,33.7877373127656,96.5227312246447,"c","I"
64,52.6248243289201,45.4550908022487,32.3592100807658,103.470327620961,"a","II"
65,48.6333487759251,46.7482574990441,37.4862801265622,112.960383537751,"c","I"
66,59.4510940975448,43.8871622905794,32.0598337565049,124.256285408583,"d","III"
67,62.2904434897288,39.1234226767598,37.8687441384166,82.979910070695,"b","IV"
68,59.4270157002515,35.8180217901617,28.3114129230829,111.16966059002,"d","III"
69,61.8397935089764,49.379156243513,29.1260612505852,89.9757392647653,"b","IV"
70,58.0279861715347,39.3063699460113,34.6491008118052,76.4596204300213,"b","III"
71,59.086445031932,54.7150128559716,29.4253373225526,101.303843938865,"c","III"
72,48.313660775758,38.1811876817968,38.3042462892011,100.958930893067,"c","I"
73,72.4465104808599,44.8767621364648,41.5371030492367,107.545233483536,"b","VI"
74,66.4904944213085,34.3027099043917,36.9247622294584,99.1839379254456,"b","V"
75,65.4021069485964,41.2557889876168,20.0665785527372,95.4863197435909,"a","V"
76,54.1009564315906,35.9330158372605,37.6450112702991,119.589361807765,"b","II"
77,70.1685794976787,33.2719002189494,37.9334824258874,97.7657284129456,"a","VI"
78,56.0129974964227,36.9016764668566,35.2556058341203,116.482489998226,"d","II"
79,71.0710276405465,42.6153188858871,41.8373735329814,104.515051725268,"b","VI"
80,51.9583345572886,33.0688732656716,32.1887258621005,89.4120434645881,"a","II"
81,43.721775445075,51.2350280338609,28.5852477813933,104.666302574397,"a","I"
82,49.2764213391563,34.4192691920912,41.6145190938818,95.8416772221934,"c","I"
83,56.9389241319864,39.7144687143594,37.1400533423227,72.2766751795732,"a","III"
84,63.2912742790456,39.3714479232308,33.9908597373145,114.595747042458,"c","IV"
85,56.8087629552659,42.5929534228747,25.1855928849007,77.7398247311966,"a","III"
86,65.2259862424271,46.6468015521873,35.8830779219215,99.0412825412154,"a","V"
87,54.4502345808058,32.1358998929677,42.5846034304523,103.501647828688,"c","II"
88,51.8760085059698,39.1072689564051,46.0617844298201,114.188746772839,"a","II"
89,54.0669528341798,38.4855023460272,32.3153316403822,91.6581718820103,"b","II"
90,53.7047417708967,46.4154185045831,34.9959134544881,76.2901397913797,"b","II"
91,64.558039545101,44.7388622245452,32.4448978629666,113.974064489263,"a","V"
92,59.977488853258,42.3920562398607,44.9088979112579,89.845581075132,"d","III"
93,70.6712253466115,35.4763928323681,35.7529195308336,88.7594091638558,"a","VI"
94,60.6466498472886,40.5252709197822,34.7838790496566,136.112930908254,"a","IV"
95,55.5834553534461,49.3561950054611,40.1921629340849,80.7428927337506,"d","II"
96,64.634667319868,37.7873563640021,38.0246025546898,107.546386205095,"a","V"
97,62.676219233387,36.9730872334781,43.6819917403656,91.9712886437588,"c","IV"
98,60.8385840877937,41.5261837924485,23.2236438046557,121.292144031312,"a","IV"
99,50.3157821143504,38.1449451344716,30.3558501669592,71.783896694173,"d","I"
100,70.6028606028712,46.2047462313738,36.6517103288133,89.2101610492978,"a","VI"
101,45.0617793975201,45.1616518679551,28.4341998955708,120.490976114985,"b","I"
102,40.5941060052079,35.7062560590334,32.2297265459211,83.1483642602674,"a","I"
103,63.4194906787247,47.0290364868094,35.2636780924784,101.451026440336,"d","IV"
104,57.1062219338759,34.3441036466766,36.8168790516777,108.231827302893,"a","III"
105,47.0116683286837,46.8811864581847,33.2514730087083,105.115887371389,"b","I"
106,55.265675766097,43.9675736071624,33.2971227476878,97.4854613529996,"c","II"
107,56.0145829532329,40.3426786420632,43.3265972961282,127.733815763032,"d","II"
108,41.3799775257835,35.4333725004013,22.9360990386239,108.143903276291,"a","I"
109,59.4033450090972,37.1369284988276,26.5412234991798,121.25425519059,"d","III"
110,74.4404528965725,40.281988334567,27.8341317013032,86.9870160910954,"c","VI"
111,60.6590364013016,33.5985593177843,39.4310318714564,113.805947922142,"a","IV"
112,60.3130069562754,53.3527368541048,34.9288041414244,127.079856827581,"a","IV"
113,83.342591894547,38.4642543255064,25.6160275058201,133.698705412551,"d","VI"
114,61.5660539295136,51.0766274120478,28.3954445134439,107.109265103988,"b","IV"
115,80.114355477674,47.4860685988377,48.4658066223287,94.6002892618354,"d","VI"
116,49.3264577843594,46.8646597342532,34.2198324858672,111.589005025505,"d","I"
117,47.8050549856613,35.5751407585919,36.6458852811411,107.735307754767,"c","I"
118,60.0546474163584,51.85442463364,42.1158442601125,94.9954400702466,"d","III"
119,66.2812291994483,39.4595023841081,38.9611101788188,78.0515061976539,"b","V"
120,60.9796181495846,41.2198171095925,43.6501821077781,88.9187283706381,"a","IV"
121,60.7471027884576,32.3000214568702,33.7186890816419,120.659561594558,"a","IV"
122,49.0071643816794,54.1029970633616,36.0661522796104,105.522037599225,"c","I"
123,73.9803368562023,39.4070365603671,37.2707416452702,116.428471568695,"c","VI"
124,64.80764336958,40.1635595832226,38.5683898739585,109.344384505621,"a","V"
125,65.6802909297424,37.0486324053675,35.1236344586975,78.4438499914008,"b","V"
126,58.2215398121241,47.455108424154,39.9150989299237,87.8375011562563,"b","III"
127,49.8734611573129,44.208787990011,32.5431863923182,71.1046346340933,"d","I"
128,57.5035964469764,37.7933485928901,27.1698464437514,88.1802049068061,"b","III"
129,50.8656001782519,46.6657954886659,28.4778231486663,88.7295857187435,"d","I"
130,57.5420911825563,39.9859727013174,43.7067223349051,113.193484494852,"b","III"
131,52.5649378847809,45.9687237197858,30.9321122548192,76.1846257681114,"a","II"
132,46.0695681139225,26.7337194801071,30.8804276685925,102.409915351204,"b","I"
133,75.0323621738678,39.5283010707518,33.3942381218358,70.8241162329603,"c","VI"
134,69.6214945762611,44.8900509540283,32.9057022226906,74.5768659230998,"a","VI"
135,51.4288634113302,43.6269642841159,32.570433027795,128.561439635635,"d","I"
136,79.7329277349066,40.6407811610869,43.990512685908,84.1520274929904,"d","VI"
137,44.408119082533,42.1280312161627,32.1406147877678,102.447268747524,"b","I"
138,70.1636157466573,40.7924153066075,28.0950545525541,112.414453007892,"a","VI"
139,62.454756183578,44.5962628798973,37.918471089775,86.3031196031213,"c","IV"
140,56.0822315748767,38.1686348930729,37.4585160305646,84.6534754629359,"d","II"
141,66.5687801789751,38.1798976863167,29.3881610529983,84.4059366093824,"c","V"
142,80.640109890195,45.1697143523948,34.9076167189365,130.52238267942,"d","VI"
143,60.0033607260863,44.7634294651539,39.7733243877614,88.1554871912413,"d","III"
144,66.9789474856225,39.7635223357392,45.6096616076446,124.406786707372,"c","V"
145,58.9434814298862,29.4638672764655,39.8594253889693,100.71085939118,"c","III"
146,45.3039020464817,47.2965237127377,32.2360818695652,114.108595142534,"b","I"
147,70.865852858647,42.2204985470336,33.1321498272651,90.7867399907154,"b","VI"
148,77.074470152299,30.7445154908049,37.7132455208957,98.5488997889535,"d","VI"
149,60.6010252630453,35.3902358891775,33.2115176908467,108.195465080688,"a","IV"
150,64.1803296251493,37.9550511261819,30.3442442049909,115.329610093879,"d","IV"
151,66.5503376785392,40.3849060919078,40.4209116994606,114.238734594269,"c","V"
152,59.8996505403746,29.1124831483831,36.5077218555216,126.551082987756,"d","III"
153,78.0175023056425,32.5646661905585,41.3964358363517,117.125086162999,"d","VI"
154,58.3864583466655,35.4324933362647,29.2554082427475,109.274162308765,"c","III"
155,70.9360970524691,33.2618959667605,35.6491388754023,108.38712307083,"b","VI"
156,45.1990460611311,41.7072302467603,39.4901839704555,112.476198750445,"b","I"
157,71.2484745176954,35.8504845078531,31.7916282807551,93.8022275910448,"b","VI"
158,57.4186346385744,34.0212925671843,39.5678267692204,102.090462868745,"b","III"
159,44.9890805355877,35.7881317034439,45.440180117139,72.4910132242493,"b","I"
160,60.4188279320567,44.5421370935177,34.9818829296962,115.221223926074,"a","IV"
161,61.17473132301,42.1379042556919,42.0589008332799,94.26893469218,"b","IV"
162,63.2137601050938,47.5525664082811,34.7606573566216,88.7432483131282,"c","IV"
163,57.0417627393604,41.3704084915728,27.7887763335621,89.4687854672534,"a","III"
164,70.6546453349045,35.454587243894,32.2831159705454,122.299361005168,"a","VI"
165,66.0340240043389,38.7085379296245,29.405055114864,88.6084669372622,"b","V"
166,82.2542446413926,39.4860823129128,32.5348263371312,106.525048088395,"d","VI"
167,51.5363901920834,42.3291616556129,39.2755675251686,106.001481725679,"a","II"
168,52.0763372188157,44.9937201563557,41.9980873573067,107.152802892429,"a","II"
169,46.5908052759701,52.1901410529441,30.6397217393305,86.8158422177232,"b","I"
170,58.1086834162538,35.9530886978946,32.4415517505424,98.5471497896798,"b","III"
171,59.9310017594312,44.6713624053938,32.3115910364413,99.6455871184055,"d","III"
172,64.3083458606456,33.8411800875212,39.1528416818511,80.0854462693838,"a","V"
173,58.0814729522652,37.1966774166887,37.0806924881721,110.012111021635,"b","III"
174,66.4636534744663,39.433615092515,29.6719858629936,106.328560144565,"b","V"
175,62.11887337415,38.737795406616,41.8756583168655,101.182197635201,"b","IV"
176,60.7423548727477,44.2057167679509,20.7580311630788,112.007623194734,"a","IV"
177,66.9629523650281,43.9914741943745,32.2874011074199,100.820375044477,"c","V"
178,63.683712176602,36.6292420274552,39.6139473399631,99.031755651476,"d","IV"
179,54.6002427261804,41.1187676754798,32.5222686522783,89.4687538294598,"c","II"
180,50.9536267382382,29.6838941113357,39.9642371245899,100.081009288727,"d","I"
181,68.89082111009,45.1508237675254,31.1852326264721,97.5115068279215,"d","V"
182,58.3014023167358,45.621906012347,35.7592985039001,107.194124883263,"c","III"
183,58.2052744458711,42.5071259268642,33.262858714065,84.353339594602,"b","III"
184,56.3501116879802,32.953945387138,28.7849655777534,94.7453955406524,"a","III"
185,70.3356509225904,38.8650827491131,35.5115419226389,114.437179776547,"a","VI"
186,58.8018834661356,43.8907615724849,39.7084971729671,114.888336014633,"c","III"
187,35.4293655326982,36.8817700440615,35.9248767585972,110.467108644034,"a","I"
188,55.3297352277242,32.8178235712665,39.6619729703474,85.0382210278863,"c","II"
189,45.2240297799648,35.6113849531356,36.3146651368617,96.7582876874435,"b","I"
190,64.7557986791187,44.9048843258021,27.6953399626441,92.062416766362,"a","V"
191,55.4716914520838,41.7630865431333,35.327313216895,119.104218721868,"d","II"
192,39.4599772644396,31.5290190921395,32.6519684826538,87.5959062514492,"a","I"
193,59.7956628126165,37.7625080441949,33.9450676611745,74.8979687176474,"d","III"
194,59.6501075351143,33.0508158989549,35.2514822936794,107.060837919478,"d","III"
195,58.9458378141761,41.8846077135615,38.9588371332085,107.848835127299,"c","III"
196,66.6433892475629,49.5043559825088,30.1902859995156,78.0615350075213,"c","V"
197,56.0712432341538,40.5294450605997,39.1477200379664,82.9761284339672,"d","II"
198,69.8686122055642,29.6071356600872,31.7074766416721,110.136467058419,"a","VI"
199,61.5883596496201,37.7146878029781,33.8519168072868,94.137963764217,"b","IV"
200,57.8350864076644,36.3670890849904,31.8481543768926,97.7634574059526,"b","III"
201,52.7607076023354,43.1066690400077,44.330209765356,74.3653563484034,"a","II"
202,61.4227992347455,45.7804403696665,43.4516993687913,96.7602125436566,"b","IV"
203,60.1685953118695,44.7763896885509,36.843591619508,103.368807375279,"a","IV"
204,57.5589038818831,34.7491474798237,43.4707761232405,106.18910408363,"b","III"
205,77.1615642892608,45.2516944890517,46.4820332557312,84.2446215536462,"d","VI"
206,58.3547582137344,41.3854241257957,31.4775452245432,127.919602722767,"c","III"
207,70.01368040523,38.2878779522318,37.0303027054291,130.802976290596,"a","VI"
208,50.8699740132001,38.7412617471178,37.1196044696113,151.955379841586,"d","I"
209,74.2082216504603,42.6944409680892,38.6332278486263,98.5796360829658,"c","VI"
210,60.9669045197717,40.1525314926751,35.0477702920596,125.004189213203,"a","IV"
211,65.6187239968253,39.5624012148049,37.2268044004518,110.39203644503,"b","V"
212,76.5083467468936,34.0036651702654,32.4717386679952,96.668219259844,"c","VI"
213,58.9767746217159,42.7689585033852,39.3335178389074,127.107632477739,"c","III"
214,66.0087953621258,40.8413606968035,29.3228729751246,93.8216134037063,"b","V"
215,45.4169067522196,38.6463767878246,39.8395501237316,100.712845904241,"b","I"
216,82.2275174746058,46.8224232699815,34.6550219233248,94.037107462184,"d","VI"
217,80.2942600666272,39.1002014459059,27.398117657476,90.1376325539275,"d","VI"
218,55.5607292474175,40.947427107691,31.1005175778265,99.9636168258706,"d","II"
219,59.3639169715519,28.9720829782873,40.4026257867902,77.6746303392018,"d","III"
220,68.9086658692836,36.9408552045284,33.4543970975864,85.6812257463925,"d","V"
221,62.8042169334375,33.9335006468688,35.8507911449361,79.2025693188538,"c","IV"
222,67.2400588199412,41.4274352696994,27.3236409053939,61.4455859545452,"c","V"
223,47.9983416067573,39.9928312133228,43.3067473927423,96.5578367265178,"c","I"
224,54.8073979508658,43.5148631670306,38.9977707487901,103.356011837458,"c","II"
225,72.4789050776434,44.0785311472324,40.0738243534287,92.7214738151276,"b","VI"
226,56.5513509830096,38.1490352377043,34.103536604282,80.4392803720532,"a","III"
227,67.23260195591,38.7515996273927,22.6480033684421,111.740102781184,"c","V"
228,65.6129896816672,39.4084325241599,35.4041261116002,73.3221943275737,"b","V"
229,52.69070607981,32.405118122161,33.4682932242532,74.542080200885,"a","II"
230,54.8280976368685,40.1836622150768,42.2436454709434,108.563047359364,"c","II"
231,66.095496210723,37.9905295937703,29.3555939754345,114.073708804645,"b","V"
232,66.2625078600566,37.7778622326978,27.814963744817,97.4147578234572,"b","V"
233,69.4822946069866,41.5574936292903,41.0302371509281,93.5359062798814,"a","VI"
234,63.4787274725701,43.9901735797348,43.809792871604,113.052931206621,"d","IV"
235,50.1216174464587,38.9069449511874,33.5617648367465,103.704433258264,"d","I"
236,69.7891375550395,38.9725506367372,37.2223696272789,105.346825313518,"a","VI"
237,57.0699220981585,40.6744506531747,33.307278897228,98.7805910217732,"a","III"
238,41.0624937469659,40.4728028579197,35.1285525773386,100.999942931265,"a","I"
239,53.0325729951708,33.6557915279689,44.9066045068247,88.715216238491,"b","II"
240,64.443323308585,36.2856112518066,37.5521764476256,133.479507038173,"a","V"
241,58.6618047896904,47.3045900040382,31.8854547493805,97.4049351880414,"c","III"
242,66.135270900312,37.6767768148406,32.5477497814971,105.015837045102,"b","V"
243,61.3629642191966,43.2981396153384,37.8527586828807,99.8565071006293,"b","IV"
244,72.0387893946552,41.0568086224259,38.47562998407,85.6585981378,"b","VI"
245,66.2685267496037,22.3940459418536,35.2111439865623,101.7077662194,"b","V"
246,64.9732816666069,33.4292127163085,24.7830561274069,138.713308375442,"a","V"
247,53.8830674539183,43.8366279797674,40.0727751684333,92.67951258408,"b","II"
248,64.044224179325,41.1424367375771,34.5647686943606,113.955706273205,"d","IV"
249,52.5769455891396,48.1266866519112,33.9290961143451,100.200468783002,"a","II"
250,59.9308626728119,32.0276954477154,33.1901506668839,89.8946080743402,"d","III"
251,46.6407375100015,34.0734661083588,36.2453846799007,121.483386448332,"b","I"
252,55.7391157662549,42.4707225205132,35.8959733813032,107.501429251777,"d","II"
253,65.8937502514435,37.2236063768075,35.7973002606051,108.163381628949,"b","V"
254,58.933512559861,41.010247892408,37.284363816494,96.669499873709,"c","III"
255,71.6662167872349,36.8395273985187,38.4382984375448,125.626492365976,"b","VI"
256,68.842613363456,37.0032060814781,34.6998645601022,99.1497134759832,"d","V"
257,68.0578443320609,24.0772055354638,35.1721765534189,117.584575723216,"d","V"
258,75.9405184191907,37.5795845871816,39.0690294924227,92.3187542654694,"c","VI"
259,38.9639457587098,46.9976656448469,36.8822148722814,97.5422120481898,"a","I"
260,68.1319956206278,42.2941335037363,30.2330491114158,87.6223652742799,"d","V"
261,49.124271870264,40.5177565705037,29.1910493263869,104.557694947304,"c","I"
262,66.4215889662411,37.8131190648605,34.3497489552709,112.333537598763,"b","V"
263,61.6741077089681,39.9805541867888,25.4652374173414,104.43455479351,"b","IV"
264,66.1283536038771,32.4601248702865,43.5586211530049,116.35772635861,"b","V"
265,56.427075403778,30.4123440465282,28.763109457635,91.0602483497127,"a","III"
266,62.7529293633851,42.746436129602,32.9056951648743,103.635705364433,"c","IV"
267,54.4384411302787,37.0280603582708,37.0360516767763,76.90707108019,"c","II"
268,45.8027081012824,50.9518740211643,31.1734618144865,109.084011651917,"b","I"
269,70.1779632475514,44.7739126651516,32.9950205191631,100.313591338565,"a","VI"
270,63.3572736809732,37.4812614531104,42.9653202279517,112.001408020258,"d","IV"
271,70.4333951528452,48.0854262425431,34.5429410347003,121.463843069066,"a","VI"
272,54.2133886191834,33.197042837359,35.1008014744199,83.4797648540392,"c","II"
273,82.2578691809572,48.8015089911394,25.7436215877454,107.86690632415,"d","VI"
274,65.7372208271753,49.3672262981955,31.9077388891993,79.818255283274,"b","V"
275,38.0007755494436,36.2530446963779,40.9649289948584,109.58393336514,"a","I"
276,57.7545627064333,38.4893929937927,29.5400034679438,78.610350748227,"b","III"
277,54.8551318726426,42.9212274347147,22.772499085529,89.8510999676755,"c","II"
278,62.1169945093193,35.4740698041649,39.7668792259481,85.7160155269784,"b","IV"
279,63.1754988839801,39.3613627522503,26.8704089239825,83.7248391872327,"c","IV"
280,56.5163073021346,40.4152664438186,31.4054406596949,95.5875137935395,"a","III"
281,72.1643976681125,47.339590854117,26.6157499779162,85.0891701670232,"b","VI"
282,54.3892395124867,39.6575517790264,37.5376569460835,81.9490587951645,"c","II"
283,67.33517466812,53.0232646351814,30.9638480819145,100.506164332897,"c","V"
284,68.9262449690066,38.599812922357,20.5817881746078,108.638238666828,"d","V"
285,60.310829989267,23.4357845696435,27.2421837272179,131.418827829438,"a","IV"
286,66.9359874122443,40.3189311997865,30.1810707681573,70.9493049461441,"c","V"
287,71.0596074382102,35.1884473460664,37.425092430648,100.366233814631,"b","VI"
288,63.5821197715628,50.0906777626958,39.5926461343477,102.409940285682,"d","IV"
289,51.0134644859867,43.7856003703285,41.0292440823445,120.554129508155,"d","I"
290,60.2791507133807,36.3521194699173,34.4108548172375,119.185562923556,"a","IV"
291,69.63412670605,32.6388796916102,39.267982946734,117.581936883058,"a","VI"
292,68.5326298082743,42.6334826899057,31.1572420889059,105.813072535268,"d","V"
293,39.2806519095315,39.7485147962364,35.7675448619375,94.8115969759255,"a","I"
294,90.8295303706447,50.4357890689773,45.6776764882468,100.918999944767,"d","VI"
295,56.2840999270176,34.3538751496984,31.9053993871977,129.062384379595,"a","III"
296,41.4008949097341,41.9936069265902,29.8202406468753,95.1971920797228,"a","I"
297,80.3818323186749,45.4277507699,36.1868326916469,65.5915085826739,"d","VI"
298,40.8800034935182,39.5850837261404,35.7576311813646,99.2173932795243,"a","I"
299,62.4547311341576,42.2850286955399,35.0816992018227,77.3742636870727,"c","IV"
300,49.932074888354,43.8977476665277,33.6928782318965,91.5853458212861,"d","I"
301,62.3903104282868,44.2686331035895,40.8201671317574,114.909900459803,"c","IV"
302,53.7970350145328,36.767166156532,47.6818493188585,89.881166554768,"b","II"
303,52.4980812180844,35.0134597051392,41.3368221396141,138.479918906577,"a","II"
304,51.0782527765751,43.1916772164122,32.9520605096767,82.0249968475775,"d","I"
305,71.3019516743124,49.1296366884155,24.5311178682619,109.428011726211,"b","VI"
306,52.3814641582574,43.709079138338,33.6972420707908,75.365733926291,"a","II"
307,57.3002644364625,37.4444306852281,45.5999167000791,97.8366967613728,"a","III"
308,60.7613682293456,42.5174534474572,26.8791606107319,93.3741520125015,"a","IV"
309,62.923382736706,52.8480701006338,27.3509742475948,80.727567654043,"c","IV"
310,57.5845500179047,37.3792653357238,36.2446113031783,98.6110509885655,"b","III"
311,48.3347212385525,39.6493503874726,35.3454393317158,99.7847204230331,"c","I"
312,59.2515541898039,39.2876543245932,38.0509882898209,119.138785526395,"c","III"
313,51.6737320171649,43.7531284742668,39.5810433410628,112.478268240642,"a","II"
314,46.2767148658989,46.2039889032749,38.6104928445962,59.9721975197822,"b","I"
315,66.0781903165248,35.6523591157351,34.4305590258636,105.726977821804,"b","V"
316,53.4955893292579,46.6875434021647,39.5824245924398,91.3367012643462,"b","II"
317,44.3654550724154,49.3891644048715,38.2160513932004,87.0181707027908,"b","I"
318,57.0191082950254,37.3047333236092,31.7674011935636,101.64592561135,"a","III"
319,35.0058424803329,34.4758454521028,38.1788643590627,81.6558890712686,"a","I"
320,57.760866072648,46.4968560148693,38.1652998225636,93.5702942765677,"b","III"
321,72.20350837208,41.0696301798469,34.3056795565599,84.6267349628672,"b","VI"
322,68.3369872774553,32.8194167198196,33.9303177640752,69.9813415105392,"d","V"
323,55.3948609022909,43.5720738089728,32.3671705475917,101.016315960157,"c","II"
324,52.6548346692814,47.4104560910343,42.6857205172946,100.74088215168,"a","II"
325,48.9264935476931,31.8995268004808,36.1689461026302,120.767780345613,"c","I"
326,63.393354171449,47.2496829888301,26.1752397742569,105.004650966105,"d","IV"
327,77.8714260843132,46.7985752998929,41.6494470843136,93.7801445182872,"d","VI"
328,63.6991747967183,50.3066634825591,35.8260134170462,130.767551277565,"d","IV"
329,59.3919953023131,42.8142090437135,33.9172050337008,112.036767053714,"d","III"
330,52.0931467308022,33.6354105870294,43.2529091105097,79.8773605007772,"a","II"
331,45.5137092169555,42.2090464341129,40.76389614832,108.797930000066,"b","I"
332,72.3953591358407,33.5533311174183,29.9421832749514,103.617840708294,"b","VI"
333,57.3225708706738,26.4821551597076,35.7799121211734,120.723246442689,"a","III"
334,61.5863979745556,30.9568126673297,33.0328812636506,66.3219289763595,"b","IV"
335,65.0879421365859,42.5793640393675,36.5416955946185,101.59708973643,"a","V"
336,41.7826740788549,41.1783634947831,38.3231292899325,107.45624416501,"a","I"
337,55.3029288693082,44.4630912863681,34.7114681882488,77.3768257963318,"c","II"
338,70.2180527765971,34.6702340810994,39.8905147563938,104.473741114583,"a","VI"
339,61.8940054298411,47.4252452460551,37.5150644567852,121.526771712194,"b","IV"
340,58.6003145963746,28.6379749007197,35.154308476477,87.2564716436479,"c","III"
341,72.209442229254,44.881925661929,33.6735584203078,91.7574398514233,"b","VI"
342,49.745996115118,28.2931232807197,33.4115756506443,79.1306151742057,"d","I"
343,52.1219750848135,41.7207571692296,42.8582997835851,91.727348574713,"a","II"
344,67.2954276562958,31.3608356811283,37.9916639674204,79.2861033820527,"c","V"
345,53.4211325307201,49.3086311273349,37.4164007524161,107.596350531161,"b","II"
346,57.3922080750716,28.1240021157201,33.4530430546252,97.8949842445317,"b","III"
347,63.884080316341,27.4213256658199,37.2963172348091,103.087219713073,"d","IV"
348,60.4163735573493,43.6341272742026,27.860997818448,66.1399959472841,"a","IV"
349,73.4227413790683,40.5655470171485,35.5407020507391,121.43286369154,"c","VI"
350,49.2505520053136,37.2434393714308,37.8825531007554,110.068039892332,"c","I"
351,63.5332579789592,45.7499332347014,42.9303702903122,85.5149195233694,"d","IV"
352,55.9584362201466,47.4587442130575,44.4304254568186,112.652467783968,"d","II"
353,54.8183656792527,41.8706231076921,35.7234910712165,76.7597871288182,"c","II"
354,44.5963917580862,33.6134292741966,42.5107148252304,89.8667047082694,"b","I"
355,53.1650222212955,37.1757490874335,37.4313611968857,105.263265917849,"b","II"
356,43.9647994371228,36.4393764155359,32.2756486806415,84.9230909134543,"b","I"
357,65.2430849730211,45.9829431714541,34.4740254220106,110.928750947424,"a","V"
358,67.5787206041147,33.4478145687272,24.4122517592874,93.7529000467617,"d","V"
359,47.518731158687,30.8574344437054,37.826317682003,103.01257053171,"c","I"
360,61.4818248664455,36.201087247578,36.7969939736137,84.7010102362003,"b","IV"
361,76.9929059315908,40.9047792056634,33.7419701238917,101.738392283711,"d","VI"
362,55.6674125240737,48.5073705412839,39.9716803036061,112.673148751301,"d","II"
363,60.7213821614278,34.3327779954672,30.7229872649035,104.027799963832,"a","IV"
364,64.2956188927461,48.361736972649,38.5444408697692,96.376424349467,"d","IV"
365,70.6925489629119,38.3661854908767,45.1794569808086,109.7847567967,"a","VI"
366,67.7870169019118,39.8488269075287,37.8316225501143,143.201720838544,"d","V"
367,58.8608893079811,43.022638195452,28.4609235427624,117.504033986847,"c","III"
368,63.6424350537801,41.3295998701787,37.5959987156234,85.4563146392576,"d","IV"
369,62.2880409781282,46.1110595131303,29.7192033368382,85.3097670604829,"b","IV"
370,66.4955455837817,37.601062515026,40.996082114525,125.946698118939,"b","V"
371,53.5884833649222,43.6858693796331,32.0832660733832,80.7437941082326,"b","II"
372,70.4967751689733,25.2082225032776,38.7212259803311,130.732658784796,"a","VI"
373,60.8548519492967,44.8344505822202,42.66733801206,100.520678433786,"a","IV"
374,61.0601809321845,35.935425384423,36.6039706965064,118.853223996762,"a","IV"
375,46.6107834961487,36.1512058969587,33.6653612946361,90.5287875609427,"b","I"
376,39.3066665070094,45.5930149752196,33.9696534666415,95.2519166041577,"a","I"
377,48.9888545035689,29.3986975255501,38.9899925341213,121.554729741657,"c","I"
378,56.4304245418104,48.0116220311333,36.421810323005,88.7655862175948,"a","III"
379,54.8830943567209,41.2604028684967,29.6346367532273,96.0800046089058,"c","II"
380,48.3332698835169,40.69913791873,41.2625679327646,95.5200713628952,"c","I"
381,56.284152451222,42.4079802010445,35.9543728826207,110.082252083956,"a","III"
382,47.7271755754448,39.8405492970305,41.2697386233115,113.123104991684,"c","I"
383,56.8240127270567,40.4371761187299,40.6832604820852,74.9155299278888,"a","III"
384,62.7100999184612,40.5144257303401,44.3583213768799,104.697369635436,"c","IV"
385,54.330759533432,34.5624037211759,42.5390304246888,91.5498594979073,"c","II"
386,53.9212410114652,46.4377372197635,35.136694364972,111.382634709002,"b","II"
387,58.9304107350525,39.9708892739895,38.550072103357,107.782800420728,"c","III"
388,73.9776647197303,50.0310293839515,36.4769007128134,66.5180786664584,"c","VI"
389,52.7619019636235,51.8737608399634,32.6936263933847,105.092032415555,"a","II"
390,62.8145400149245,45.8364827686073,28.1458267322051,101.149570858042,"c","IV"
391,46.5476044696145,37.2356901377698,27.5905319740001,125.105673905367,"b","I"
392,64.8931512532293,46.0866148819906,30.5222952279742,76.3835915240093,"a","V"
393,66.226921573573,49.4229477013505,40.0719298388693,109.742732943789,"b","V"
394,68.2174918058832,34.8556636015692,46.8417207928064,86.5109218917467,"d","V"
395,54.4819492353292,49.3810892140142,35.4963745195047,89.6271498716767,"c","II"
396,65.956991185467,39.6394786963686,33.8117637042369,81.8627172981745,"b","V"
397,54.2355774421959,37.9502198221002,30.6925906937341,104.7648729179,"c","II"
398,66.6615190299095,38.1590386142106,32.6176008237288,101.002560055968,"c","V"
399,64.9533908537408,33.8484222370223,43.6386613836681,99.2898305950647,"a","V"
400,60.2635568614928,30.8061618945259,42.1531754725273,90.7980397739598,"a","IV"
401,56.1707479933867,28.6069324851016,34.3594948279496,92.3818810816907,"d","II"
402,76.457525803367,35.0624288315206,39.1344487694838,94.537286180425,"c","VI"
403,50.948140367128,33.9683385103354,33.9089170940365,105.424839809026,"d","I"
404,65.3518815733353,47.703558224855,25.7170154597025,94.5436254996614,"a","V"
405,68.1053321399736,39.078027529813,30.1980703880796,92.6664271871534,"d","V"
406,59.2212485476102,30.7946617878494,28.6170520253787,135.146966117534,"c","III"
407,54.1443916971746,39.5807118160861,35.2089804183755,88.4115773149581,"b","II"
408,49.0201617688932,50.8754217229275,35.9805683612164,130.132662366094,"c","I"
409,57.7014074039923,31.5594254022059,35.7412042808457,115.238616562067,"b","III"
410,62.0018378615898,46.1603083916028,38.2015487340775,102.376838578013,"b","IV"
411,62.6403312753545,39.745506031495,33.2003318555833,83.0547056248071,"c","IV"
412,65.4088194339406,35.5581842853347,32.5997977243476,90.4239765820496,"a","V"
413,53.2081311852465,29.4070645583003,34.4702199647062,85.3776194930815,"b","II"
414,75.2011278501309,50.0524884382406,37.2853162720592,127.014637902504,"c","VI"
415,51.5235787977041,44.2040706544742,32.7472594755569,74.3845924017956,"a","II"
416,61.7339895626121,47.7452649499232,48.7214154916313,143.329216856054,"b","IV"
417,67.0333897989637,41.5316000427958,33.3981253500217,106.295367659857,"c","V"
418,60.7750751829062,38.1530800895602,33.2201465740095,149.388448648277,"a","IV"
419,54.0364125397313,41.4280265566819,31.2377551416605,105.622098583854,"b","II"
420,66.1148706046082,38.6933710978556,28.9101027734816,107.972407158465,"b","V"
421,54.5570418832314,29.1734866595686,36.8652196179705,66.1624757132256,"c","II"
422,52.4443659709009,35.3752014687517,39.0672680990283,104.745035486761,"a","II"
423,76.0237984348203,41.5906256113262,40.5840037314765,91.768321244507,"c","VI"
424,64.57766745242,46.0474277454169,38.4364308380335,102.428028258236,"a","V"
425,65.5432172792382,51.9635379572379,33.7346956059993,113.66210048913,"b","V"
426,57.5559638475463,37.9314455919958,37.3931858253263,106.826511332926,"b","III"
427,67.9510882592416,44.102202516288,34.2527569876112,117.667638877168,"d","V"
428,52.7146756318075,34.4729962094903,29.7617152555106,108.626431507935,"a","II"
429,66.8348289440345,30.8466567769542,34.3836606766708,94.3978752942212,"c","V"
430,61.0444338803324,32.9957436285825,29.6841330767746,118.041096229413,"a","IV"
431,69.5147410190586,39.6187464231126,42.7551582549293,108.627979614962,"a","VI"
432,64.8863432662292,34.2510989919047,34.8804132583617,93.6813281006975,"a","V"
433,40.2352435136155,45.1640927452959,36.1940260449873,116.172784067823,"a","I"
434,60.2923171129531,43.418909700054,36.5011892656336,90.4177158186006,"a","IV"
435,52.3754602584976,50.2260506765065,35.4830495636618,92.1726296120713,"a","II"
436,62.6133057844753,37.5285727886431,36.3343229377341,99.067031299212,"c","IV"
437,69.7711645823612,41.0585411612431,30.6871982896726,97.3101891293032,"a","VI"
438,48.6849936735638,37.5272808307719,33.6336745933585,77.4652633280132,"c","I"
439,57.9175237978406,42.0414958588636,28.150177001652,95.2587650601448,"b","III"
440,72.4674246513728,37.2566957380465,45.2203357303204,92.3715193207931,"b","VI"
441,71.2811542273343,42.6448227866035,30.0539555229037,90.7454351392418,"b","VI"
442,75.6276194614946,47.4494072686905,31.4854943470552,107.058549056316,"c","VI"
443,64.2887344585578,44.6141444492706,30.5253262798085,79.3467230374842,"d","IV"
444,59.8204944381829,44.6496106686767,36.0954891668609,85.0571209636922,"d","III"
445,68.8964046060366,30.7859868068404,38.0835497148886,85.3252043279024,"d","V"
446,73.1944296168756,46.4092744589614,33.0446509775334,118.073009596534,"c","VI"
447,64.6822572855598,41.9281790746584,27.3015212001446,116.119247084496,"a","V"
448,69.7733303353179,43.9292093197836,30.5192954097138,103.131250437882,"a","VI"
449,53.5085900751507,44.7043157989162,36.7166928306481,97.7057500522502,"b","II"
450,62.6341279442723,41.361919732203,36.5772869543013,120.221644131941,"c","IV"
451,68.027540122596,39.771634264084,40.0275817356147,81.073744379357,"d","V"
452,57.077402346434,47.3665943821502,28.9635238575968,89.5093597731928,"a","III"
453,65.7234478987941,32.3528713519964,25.3779362218674,77.1624522343689,"b","V"
454,77.1852413198292,42.1880241397345,34.908000882059,97.756726472605,"d","VI"
455,76.6923899022762,38.2864615052888,35.4578441359318,116.703890728941,"c","VI"
456,70.0293899488789,31.7456171429614,37.9220948927823,104.638870103798,"a","VI"
457,64.3282513339016,38.3999415730356,35.6452023693281,117.003954720204,"a","V"
458,50.5860059426052,39.3152072555123,35.0541896358878,99.1622316506418,"d","I"
459,36.8602051085254,39.4252923820364,34.2299614848702,98.1681351810633,"a","I"
460,63.572564045646,34.3571506745158,33.5970579223967,97.150662624621,"d","IV"
461,58.1632037012247,42.2768718332211,32.3219436234241,95.9760604349567,"b","III"
462,55.5696540158553,28.1310798086762,30.2076351386959,121.167968261389,"d","II"
463,71.9143579308108,46.5217931848795,33.3613580314191,135.487585498433,"b","VI"
464,52.0591946411435,43.1695315861688,33.2100757872543,101.887888973376,"a","II"
465,49.1118746089994,32.7010729053163,40.0986273429051,119.850824218339,"c","I"
466,64.1126001713119,32.9822629817041,38.8150419355204,92.1435331023223,"d","IV"
467,60.6969678759085,37.3652172949987,30.9679938349856,119.700852347391,"a","IV"
468,61.2055166870338,42.5290695743086,34.8344897095691,86.9302441918277,"b","IV"
469,52.6657180342619,39.2472029212507,37.1293785861447,112.529549362098,"a","II"
470,51.1558004319768,35.4789866956758,34.9187951141586,105.774800682425,"d","I"
471,61.4641268050905,38.9603645264316,26.2941675564264,118.566318617789,"b","IV"
472,57.877420065098,48.6970946797128,37.7034433315525,86.5519394071473,"b","III"
473,41.02297144046,32.336929280855,40.0659613694656,122.806070568109,"a","I"
474,68.8884322062139,49.0948505818404,37.8830119819156,105.141278890685,"d","V"
475,36.4524791402313,38.617544710479,32.4380787375352,116.173502610821,"a","I"
476,71.2222951896785,41.2696210127275,36.470479243001,102.682333598002,"b","VI"
477,57.911411895064,40.5847909851613,34.8461775495173,114.231306101699,"b","III"
478,56.7650241979925,47.6501418553339,34.2312834788763,85.0219488265213,"a","III"
479,64.7090200439653,46.0161842594283,26.792602445063,106.313319786406,"a","V"
480,63.7698630606203,42.866585407111,28.3452397327738,78.6063133882728,"d","IV"
481,50.1636536909092,43.7181505314669,43.6779991331153,69.6803517572989,"d","I"
482,65.7271855416393,42.0263829912018,35.440259674865,126.932793021153,"b","V"
483,68.9033540612926,34.003005613919,26.7609120932637,67.7397203142429,"d","V"
484,71.289280818411,40.2697126207783,33.2012435376305,90.4794632767919,"b","VI"
485,51.3093899009843,38.6232322986492,41.3488437636595,104.755062331473,"d","I"
486,67.1141257522498,30.653419579428,32.8788971736649,111.468966501226,"c","V"
487,75.8630666056822,42.0978802829684,33.3879531787099,105.358088280876,"c","VI"
488,65.7388096980565,33.3926622324818,34.6748318200094,114.028708360287,"b","V"
489,59.2543208575496,43.3282515037741,37.0694777402544,107.166258757579,"d","III"
490,54.1211485843075,45.764520504227,35.9898345602552,101.724271517541,"b","II"
491,65.3711677433329,33.0030372311864,30.034129175984,105.391274971519,"a","V"
492,43.9444629400806,26.8928029830681,40.529421329566,130.400914059594,"a","I"
493,54.4733384809064,42.9696599440392,44.309764532962,112.755738660663,"c","II"
494,46.5417273990733,37.3593864240195,38.6455548232366,103.947118698231,"b","I"
495,47.7230386590257,42.1621884126399,39.1733561200569,105.884330691404,"c","I"
496,59.3125621467915,31.1960928077593,29.2694063797168,100.149824680533,"d","III"
497,66.4938659771712,31.9094650938261,23.7483517069919,133.135173389978,"b","V"
498,57.0642150795254,33.7372054705709,33.0120656203289,96.843352878557,"a","III"
499,68.7287148555922,42.6498150832225,38.4473210251255,109.276219834283,"d","V"
500,73.0563111847926,39.8435891787001,33.7270182326491,89.1372613114896,"c","VI"
501,64.8187813150454,28.1455497269924,40.2725927231013,113.974260425219,"a","V"
502,58.6157149262953,46.6685524162757,24.293136371341,97.1580792110805,"c","III"
503,75.6760222106966,32.7161663808519,31.9545422368906,101.790820116736,"c","VI"
504,65.2015712716641,38.8629283722997,41.7642670245001,84.1199753240069,"a","V"
505,55.0220044309103,39.4010832978153,41.1290168341395,133.817655795602,"c","II"
506,42.5308046447551,36.9120407148957,30.480687031392,113.112763311403,"a","I"
507,49.4269098004479,36.553834781051,37.6189743370793,119.044904332855,"d","I"
508,50.4161073905903,33.9199395110267,31.1348037405643,105.156023897864,"d","I"
509,57.0633669154532,38.4588451229299,32.8805840356763,102.473848083422,"a","III"
510,46.3050770427906,41.5253858597354,38.7010381463137,79.9485159178747,"b","I"
511,49.1186868904585,35.0855844967121,30.2253166659414,93.543119571815,"c","I"
512,45.9226417706851,42.8976693561722,33.9505281129391,97.2615485003095,"b","I"
513,62.9884317383953,35.693906448796,30.6082042614131,111.158692756983,"c","IV"
514,48.4576286398844,34.2326305787882,46.5682655662823,94.435417315664,"c","I"
515,47.5519700042838,41.9825085011617,39.0207147371027,81.9394709109356,"c","I"
516,66.5907356262466,39.4209843498723,37.9319520641127,97.0096707695226,"c","V"
517,80.0461917053795,39.4304882302783,31.4836049291796,104.962437649753,"d","VI"
518,57.0270013804808,46.7985306046812,45.5829417738928,98.220609260084,"a","III"
519,66.1364236049541,36.127866638709,39.9315067673157,99.7073196584079,"b","V"
520,65.9792304164485,45.2678582911115,34.4614982359223,98.9258784145482,"b","V"
521,67.0471786408621,41.3937853954269,36.9914011540351,85.9436551093596,"c","V"
522,47.916948286132,47.5552133187522,32.9971366682225,73.6984398816508,"c","I"
523,58.172351767094,41.6039223443937,38.3034851036169,97.249960527069,"b","III"
524,43.6068444125457,46.064734257962,32.7230638921028,138.701843266971,"a","I"
525,44.1626205324836,38.2380125209492,42.2308255624739,112.485196263188,"b","I"
526,60.7624148999936,29.9865882477213,29.1392035283849,106.582353507878,"a","IV"
527,57.7698774782363,44.1432649367639,35.8537115486748,101.09978460991,"b","III"
528,34.2587943578405,35.8613734138972,28.192108257009,101.25330481118,"a","I"
529,30.2021719577205,44.7011559759367,36.2012900725978,120.163577682642,"a","I"
530,61.1800440807709,43.9428905949971,45.5899637759059,98.6315188674452,"b","IV"
531,56.8241485706141,44.2282075253776,31.4917214919759,85.6288439282473,"a","III"
532,65.9696619275181,42.4225683263831,33.3580039330645,117.180702401453,"b","V"
533,66.7485393152898,40.6370255288486,33.4983223726778,75.8118225421289,"c","V"
534,51.2951558703588,45.5169204666166,33.9068033179802,98.0624234438412,"d","I"
535,57.0169500908295,42.7716269000874,31.2568765416491,109.303657856863,"a","III"
536,51.8731851564287,40.5741489094762,33.8075542469194,104.656259012866,"a","II"
537,59.5664114245013,36.8038603594442,40.7173948891663,110.976857294389,"d","III"
538,75.395354773763,52.5969652663817,37.3687712631534,117.302881840194,"c","VI"
539,66.4442039582435,36.6119949239061,40.9030538066814,110.95971654759,"b","V"
540,64.5617572175586,48.3265822640078,28.6475649970339,107.493026661031,"a","V"
541,60.4612629322297,39.1594492590982,36.7459050370495,90.3171867791858,"a","IV"
542,53.9825441089105,39.973301581466,29.7474495406138,119.831820840877,"b","II"
543,70.5718686440355,35.7119534385543,40.0441715210331,98.0062377027565,"a","VI"
544,72.4872489289664,31.2786490289952,32.4527615942465,86.014755729446,"b","VI"
545,53.8143371009719,37.773533629244,36.106345856338,93.5521642176333,"b","II"
546,75.4681335551731,45.864197762642,45.3807412273377,79.2146642544625,"c","VI"
547,60.8241656887355,40.82099411725,30.0742889242578,113.4685216756,"a","IV"
548,63.9068158362455,30.1766773663866,31.8994415322532,85.118205300666,"d","IV"
549,54.899312568879,38.3200591521034,36.3080723479416,90.0991625250053,"c","II"
550,49.1755327010339,37.1345738332786,41.4209345525498,122.637757524875,"c","I"
551,60.0375266182259,43.753908283535,34.6679974288191,112.61552749162,"d","III"
552,49.5808720041204,41.8952557130501,41.6505927183142,71.1281246146339,"d","I"
553,62.4563061475197,57.8654770472922,35.2103210730576,82.2193960321606,"c","IV"
554,80.5155622030802,42.1449696103029,31.6284209043851,75.6128075391905,"d","VI"
555,56.2224719442494,39.4466510175059,40.6931798207564,94.0305463515647,"d","II"
556,53.2309380972998,47.3934463905072,35.3568527212701,103.208257630551,"b","II"
557,68.4103137197728,39.4912749432317,33.5544999679801,107.068636345687,"d","V"
558,80.1276214044255,34.8787636682206,33.8085086323427,118.015399262376,"d","VI"
559,57.742846342819,42.9743405250515,27.5640890920844,90.4242933963584,"b","III"
560,49.1275313912291,47.952260899661,34.4650263073579,108.524435538026,"c","I"
561,67.539780907322,39.8261042905759,29.6036673260732,102.835264086506,"c","V"
562,70.1507810080438,48.4211011025111,32.8473041786655,79.9099343745675,"a","VI"
563,61.9216138936587,32.5110642478664,27.9628064568217,94.0042951685798,"b","IV"
564,45.7182794665211,34.1223643851887,34.5511969094027,131.757932528765,"b","I"
565,67.0167878467747,29.567713740837,24.2509531585078,82.0801727273631,"c","V"
566,68.159661084533,39.3862879765857,43.8993462372527,71.1456619513615,"d","V"
567,63.1575650273922,46.9517360871931,36.3276416096757,102.002991876796,"c","IV"
568,63.9151438778567,38.0382188685545,38.7290724717676,117.658024618561,"d","IV"
569,58.3847563424851,55.000477491095,31.9235352986021,108.288569297293,"c","III"
570,57.8046990340638,51.3147471392433,36.4763263344056,133.630235121241,"b","III"
571,52.8972001472953,44.7146573073828,28.1778043439446,93.3091865144007,"a","II"
572,54.2588051726767,35.8657453109389,29.1421180837891,92.0095853868903,"c","II"
573,34.5466199173332,40.951349932758,24.8340693852302,128.17874088365,"a","I"
574,65.4184824811824,39.7788928664284,46.0491230196755,64.8125345841209,"a","V"
575,55.9138637889246,41.8301097073079,33.0573096319373,91.9954899020533,"d","II"
576,52.6827467678458,38.0978429891342,39.5142557645006,72.4714421457005,"a","II"
577,66.9111938997031,44.620098053224,38.2468916729584,87.7945236582243,"c","V"
578,57.3688797217588,37.9026301617214,37.9761437388173,119.128943060172,"a","III"
579,59.2700590158223,35.9657840297792,35.7159986532958,111.495929854414,"d","III"
580,52.0642761768123,51.3645391343019,38.339750021813,104.54647705679,"a","II"
581,49.1870056734936,36.4503592719026,34.4936853055793,125.313913172673,"c","I"
582,75.650622119453,45.7893778888431,37.1174861625689,104.444338536749,"c","VI"
583,67.0733357520345,29.6758524975429,38.7569762485582,90.5278949284054,"c","V"
584,53.2249385313539,37.2525863562901,43.2806319053114,113.816614758639,"b","II"
585,58.9598139158773,39.846568641948,35.1186940250174,130.12563355581,"c","III"
586,62.2716214359877,41.7197507279097,39.8718841038244,92.3504298763924,"b","IV"
587,59.5458406245001,30.7657714683316,39.0934221088667,100.567726461884,"d","III"
588,65.0241801157693,40.3699179901833,33.2198406988847,95.7832208323652,"a","V"
589,65.5032267256552,46.9775195562328,35.781875932487,76.9154317790752,"b","V"
590,63.9992622070537,43.6071408762777,38.4264780316449,106.367641074549,"d","IV"
591,60.9696138667853,44.4327609470087,30.3382656697848,108.625323832435,"a","IV"
592,69.8742520499127,45.6547634292476,34.0996993751919,122.267823996261,"a","VI"
593,66.52075218089,42.905275201851,26.0379790840296,114.808120698619,"c","V"
594,66.0057080548516,42.3715585973112,32.104190392668,95.2190987870047,"b","V"
595,61.5465878216356,40.4651773064302,31.7068765769064,104.647382891172,"b","IV"
596,59.3839989005671,36.4245543362671,26.119068051486,101.173695460491,"d","III"
597,41.4799257778352,37.5876485384012,29.9188928059127,96.9631063845354,"a","I"
598,47.4328998037765,37.6932888167654,41.7504025692801,107.289392965309,"b","I"
599,57.4874878004702,37.0509528582316,44.24264114186,56.4201491946278,"b","III"
600,63.9661302008396,40.7118540668105,29.4082490146575,90.8040237048456,"d","IV"
601,62.5971075509071,52.6959446926776,30.1985967156333,99.7773719689986,"c","IV"
602,52.6101469093708,38.4089095237399,25.278472687735,83.222835170689,"a","II"
603,52.3645864424785,39.3803742028817,37.4060965292123,92.0810146438852,"a","II"
604,60.5401775936909,41.4058127095786,39.095080093172,131.126313606482,"a","IV"
605,49.2132649513116,45.0226289949869,34.670026557013,99.7730906570684,"c","I"
606,62.198446540433,46.9118036973803,34.1692505087689,109.895307416331,"b","IV"
607,51.4522503698884,44.5781034159342,24.8201301679118,90.08825217427,"a","II"
608,67.3439737335087,36.8418291474798,34.2504513931411,94.9010169823322,"c","V"
609,62.8778672418591,43.7960005888368,33.0745697117651,105.093088914352,"c","IV"
610,59.2404460495511,40.0364103362476,41.034430428324,109.944244999168,"c","III"
611,63.4058251333311,51.2975464567675,35.463152859238,113.062089065163,"d","IV"
612,56.6545367754002,38.5836042104788,31.7017645124234,113.778863019951,"a","III"
613,76.2006680440117,41.146794965594,42.1509978211876,84.7067833256824,"c","VI"
614,55.7361067899225,40.4477824933913,30.801991035835,90.9797680859119,"d","II"
615,43.6501285104883,35.9796748736139,31.5275858809946,114.177093056663,"a","I"
616,72.8366759460273,41.8734638661868,25.1066788590807,91.2772343100852,"b","VI"
617,57.0428364030123,42.5903247733052,33.4894966005345,89.172985538626,"a","III"
618,55.644420171352,44.970064515237,34.5696475870898,117.706989594207,"d","II"
619,54.8953509935305,44.3806319798342,33.2464887591975,104.251241838641,"c","II"
620,67.179512221661,46.7186799761068,33.8168451780839,108.0925942514,"c","V"
621,52.9088560957134,39.9178618425842,31.5838416835196,107.942762648308,"a","II"
622,55.9102447520509,43.2929915366685,36.6457762509913,97.222428839997,"d","II"
623,69.1373207063016,39.4042513592828,35.8166724526862,98.7934660446756,"a","VI"
624,58.6028791158174,46.619063206343,36.3016284463073,116.733409893658,"c","III"
625,56.678557850481,45.7651085731646,27.7069287718274,110.326454283823,"a","III"
626,64.9046163192334,45.0272238520303,39.7706566749626,112.623820525552,"a","V"
627,67.070429097071,38.2447420758697,34.9311768415962,107.392039966781,"c","V"
628,55.7773911916076,36.5981032194186,33.1344704743482,96.5465702819013,"d","II"
629,63.1045308662898,43.2455619880295,36.0036804246609,104.755629489503,"c","IV"
630,81.8366106874992,37.7691248303992,32.3640106810902,52.5674641900977,"d","VI"
631,62.1225332407593,48.759212206555,31.1744818294149,80.9541418787598,"b","IV"
632,76.356315751149,39.8561919215638,26.3651711908513,101.728066767512,"c","VI"
633,64.7029072339786,45.5106674052348,39.2094989517672,108.746234018818,"a","V"
634,60.9451279088383,25.8184973938136,39.0977701699834,77.6852091832715,"a","IV"
635,78.0810599967567,33.6150047526522,30.8772604517162,112.964090497418,"d","VI"
636,59.2412167086687,31.4391813856899,30.4731179684931,99.7367241839088,"c","III"
637,60.0862002180305,41.2364045348454,38.035349374024,93.8708829023277,"d","III"
638,65.0633306487299,39.1070478122494,25.6532873703597,105.717725371534,"a","V"
639,85.7272939712815,34.9133791490806,27.4773189535794,98.8223632283364,"d","VI"
640,61.1077570838935,22.3006540603103,26.5699471383351,88.3191838595998,"a","IV"
641,63.7548010016029,45.3218475937642,42.7491153473335,104.130479599555,"d","IV"
642,71.8393919306836,39.1980001131131,40.6857666967119,115.245956214829,"b","VI"
643,71.9348722357239,40.4971018035633,35.7259713132999,97.8247292998121,"b","VI"
644,37.5096414968745,39.4328822731286,40.4040111756442,92.0646030449386,"a","I"
645,58.8644201103874,43.0611837291686,43.1511947726744,88.1570117478843,"c","III"
646,68.7696806884721,51.6570271218607,33.1660118542263,97.8817790680362,"d","V"
647,59.761786768067,36.1785800511821,41.3130791637298,111.801359612484,"d","III"
648,57.8985842897593,34.0041743766573,29.6519188823741,83.1095021742813,"b","III"
649,62.6685605215784,49.0843786881748,32.8718664278498,90.8403008366763,"c","IV"
650,57.2100926835395,50.7904903175034,38.1270974166404,74.4180098272732,"a","III"
651,49.8723015252097,39.9224873351297,31.0001540814198,113.336350002788,"d","I"
652,63.2009359716584,42.4813270220355,38.4463410691394,132.454910931195,"c","IV"
653,54.1799433605147,34.0802335977348,33.4446931700227,117.935414784117,"c","II"
654,61.1497857368071,34.9695855704972,35.1122616778153,80.6638968464383,"b","IV"
655,46.9376127338325,41.1105323469005,31.0453377183313,82.9030626783759,"b","I"
656,38.2018149008102,37.4412253540854,35.1675366504281,105.878552276332,"a","I"
657,72.2108685831077,48.6374997100686,41.2806461136118,76.098114285332,"b","VI"
658,66.7306507048004,35.7151993603624,27.764750719605,110.214858228635,"c","V"
659,61.0501612774199,43.6711499871887,33.9287755696758,107.64675854611,"a","IV"
660,60.2187732716673,44.3361219783609,33.6593829126003,106.653692634406,"a","IV"
661,69.8768378295136,33.609225743511,32.5641254483085,93.9119672542106,"a","VI"
662,64.9481187735804,49.1108498240072,35.1447418334071,46.3083816414465,"a","V"
663,48.3683597513095,30.2939011617679,40.3684900053803,102.462364698672,"c","I"
664,49.3062753708626,42.5727937855286,32.5088922875174,101.773304596643,"d","I"
665,83.4731873341637,34.3079768902988,39.7771680384227,118.98404796041,"d","VI"
666,72.9054852997659,50.7237180910807,35.2115623752432,103.29754056591,"b","VI"
667,41.9650576883517,35.6990333656132,34.7747571665898,89.8628552497114,"a","I"
668,62.9929166541707,33.1042929244867,25.2845535583688,95.3975478263176,"c","IV"
669,55.9942650525101,48.5412255839849,43.5755742561697,89.849832893187,"d","II"
670,59.8306573617704,44.2587042360994,41.8513927136952,101.758438990941,"d","III"
671,53.4154537899182,40.7447074042064,35.8786149216745,80.4197577951815,"b","II"
672,64.1598139792288,37.3300897934472,36.3325297671635,118.998156951997,"d","IV"
673,59.5207922212021,30.1451728913394,33.4455406965779,127.203755803367,"d","III"
674,71.6569909111757,37.5101142422709,22.1259122318299,91.2023603188974,"b","VI"
675,77.6516628499554,43.2516366484232,58.4360956305233,100.785401452214,"d","VI"
676,62.4792132309832,31.7053949448554,37.6554451911846,95.2208550415297,"c","IV"
677,71.5110596368382,27.3183674178115,33.5534137875688,72.9417769625223,"b","VI"
678,59.9758495148914,39.7949913739178,36.9052488155575,86.699460580463,"d","III"
679,71.2598934001516,44.3758942859768,38.4205706543445,106.048917114778,"b","VI"
680,55.061538550393,37.1352933369691,38.2561558179976,89.5603647611668,"c","II"
681,44.8845093878853,37.5287138388032,36.3830960792571,88.7074588451724,"b","I"
682,65.4833025986636,36.1061695122741,35.8529012584121,103.815274358704,"b","V"
683,49.8891158749077,40.557926881248,42.2599419310402,93.9779308743943,"d","I"
684,56.2749141977501,39.3199987554679,31.2521118928953,86.3387788921524,"a","III"
685,44.6467191010169,35.2042868075722,41.5381281716288,105.290147841619,"b","I"
686,47.8447107689975,40.6116592659156,41.1718155081098,112.41880073072,"c","I"
687,63.6197402474155,34.4783692696972,38.7706246094056,114.1248426763,"d","IV"
688,62.3301186855841,34.5165860620242,40.6827727962395,99.150757641245,"c","IV"
689,63.5726440428057,40.3589843586604,31.241647502006,112.847232799946,"d","IV"
690,53.4586288320865,46.2557829965905,38.4452100644049,103.695424062413,"b","II"
691,48.8364460993108,45.43049403613,22.8659721417046,85.6130624529205,"c","I"
692,72.6608504971449,41.0631373165667,39.873679697273,117.991315543135,"b","VI"
693,56.0633137956991,38.1726779500977,34.924681638912,77.1101399888226,"d","II"
694,52.1453277533325,42.5670372172282,33.3429231479144,78.0131202403716,"a","II"
695,67.0666501933897,37.6638245922249,32.720519051915,113.569524480254,"c","V"
696,55.4433465268152,33.8149610206956,35.9926306017165,120.929594275075,"d","II"
697,61.8867191267824,37.9834479967748,33.087590740243,101.470426805247,"b","IV"
698,49.6646954296162,36.8942735864053,34.416879385138,94.1141513961778,"d","I"
699,41.6971373060479,46.6356165673985,36.7885683411653,109.962667945868,"a","I"
700,52.9465612073227,38.2589402827972,51.5889023107637,98.9165569946048,"b","II"
701,51.9909347565166,40.5309222718866,30.7406949658855,96.098456788235,"a","II"
702,69.0450698634645,31.160637698626,28.4717958760616,92.5087662106708,"a","VI"
703,64.3622786736478,42.7787923794477,35.5462504631018,80.9212464010743,"a","V"
704,61.6131060893632,41.3536946370206,32.5971905429884,97.6615679451613,"b","IV"
705,43.8034067978503,38.2290076980758,43.7013071980525,87.641828728999,"a","I"
706,44.6023114000112,38.7458657709171,35.7886325406109,89.6650696363157,"b","I"
707,53.2264240738902,39.1064048161397,29.1884832521168,100.927316618242,"b","II"
708,59.7321360323171,35.6146576848423,35.447345985764,126.026861351205,"d","III"
709,48.5055411761071,45.0991336030164,36.0347182990645,84.820060960463,"c","I"
710,40.6740867472022,51.1762018440372,33.2045016172199,101.391729719825,"a","I"
711,57.6252490503828,38.0766612170915,30.6775364838585,105.364382080299,"b","III"
712,61.8825948798406,46.7175297314473,38.2000682373786,79.084900022376,"b","IV"
713,71.6161064611855,43.504197500154,41.6991070372468,124.460829917083,"b","VI"
714,59.9675585402652,45.6575112048781,33.3424367589544,108.595162462906,"d","III"
715,59.0343983309005,45.3624936001049,32.9697355008843,75.2912205952139,"c","III"
716,71.4536326613512,41.1741913052009,36.032432697402,106.011311280802,"b","VI"
717,58.7147028346185,38.1220846390865,27.8194625646903,136.77954412039,"c","III"
718,73.7417923632248,29.9306020977698,35.9856827268541,83.5729226329138,"c","VI"
719,73.4537642348521,49.0419964715449,37.7398125581129,89.172778698561,"c","VI"
720,56.2630636621246,39.023564310137,35.4495132925793,85.0084052839843,"d","II"
721,54.5567637299654,33.8856046399339,37.1192844737233,99.9850508391905,"c","II"
722,70.9771113103933,39.2485925798628,38.7627382152242,93.0483534919134,"b","VI"
723,66.4155660939182,49.2421093751275,35.7033115289125,95.2064795327861,"b","V"
724,69.9133178482238,48.7837290255964,27.5558947692286,89.8576219717429,"a","VI"
725,81.7694193960397,36.7377336745662,31.3362986749958,126.261750400268,"d","VI"
726,51.2988250720192,37.9858472151069,29.2341464736311,91.5406692211366,"d","I"
727,66.1415988834657,30.9325241905828,34.0697923056799,113.613791051959,"b","V"
728,54.581672464342,32.1371630590748,29.5589306739457,90.9849382656648,"c","II"
729,67.0216796974588,28.7107306273584,32.2733455868658,89.1039319928085,"c","V"
730,53.6589058397951,40.7395036662954,42.5522691095342,92.698209775963,"b","II"
731,54.6062370588285,36.5313023425494,40.6117155848157,104.010181751525,"c","II"
732,64.7307180193808,36.9199340014479,33.2223651520944,81.2563611831622,"a","V"
733,54.3030220279266,37.2132758990752,41.8522468354145,90.3560962265286,"c","II"
734,63.5751070907312,39.3265640810737,29.7913359606218,68.0395986142196,"d","IV"
735,61.9171773713177,41.0746931476533,34.1044107351618,88.7563439374116,"b","IV"
736,80.7891225781304,36.5776679568239,28.2043572405197,89.5911483464385,"d","VI"
737,61.6410340230259,31.5963593353149,27.8217096214305,126.089337764438,"b","IV"
738,64.4027749797499,31.8117685967902,41.0757553657172,116.948318957578,"a","V"
739,48.4922072290978,36.1726105881198,42.5949234656884,91.713488072393,"c","I"
740,63.1709147563557,43.0325397853556,34.8273410942272,97.750753586545,"c","IV"
741,59.8610940952088,39.8094718689408,29.2336422013574,92.2092900985161,"d","III"
742,56.7980990664279,38.3792414030433,49.8376430106348,77.6105497520077,"a","III"
743,66.6210460440888,35.314478741097,38.8403870410607,101.887356534541,"c","V"
744,77.3667828096707,36.2409646729951,38.4234763430673,126.66694375391,"d","VI"
745,61.5071869751581,36.5453681095387,35.0510151303412,81.4048231917481,"b","IV"
746,66.0119963632046,39.8851744571381,30.5632650669221,89.6519545479945,"b","V"
747,64.819505786369,37.2194717447056,34.0827352244662,81.1681097928612,"a","V"
748,42.2475419538963,40.2312591688411,41.6370036766753,83.4001332307701,"a","I"
749,72.6112688493317,35.8811202846181,41.8289255618213,84.007403252334,"b","VI"
750,36.7662193751267,44.1719637371885,33.4000645872653,97.5179490412768,"a","I"
751,62.9052950976484,32.9130106913761,36.7220150296117,110.551887388549,"c","IV"
752,61.4405040098475,43.3146195036379,35.9961818911771,129.551075637828,"b","IV"
753,58.88830429031,40.1179575886106,25.9482691505476,112.283926550925,"c","III"
754,73.2196386519016,45.8373153533231,34.2450687880359,76.0573411840099,"c","VI"
755,57.5173133180109,39.0610207266507,34.721245344124,102.065552581899,"b","III"
756,55.4639510003328,51.66165839347,39.749047062607,108.518868822598,"d","II"
757,55.8269305738446,36.4928401597846,26.2018909939275,84.7504676402486,"d","II"
758,67.9721536303363,35.3515063764832,32.2652590300793,87.5766496733686,"d","V"
759,47.8340063163802,50.7354569337371,35.0267312484499,103.6532748811,"c","I"
760,44.7837595350976,48.692425905759,32.2798759916053,105.010314869236,"b","I"
761,66.5586703791241,30.3505691586526,32.9452803203175,73.2352151064862,"c","V"
762,55.6573423374016,40.1307773500414,39.6270416495575,69.9824197749386,"d","II"
763,68.481921750738,53.0695524204898,50.5920329996164,124.762743884408,"d","V"
764,63.2327363297251,48.8237589458697,30.0960400395059,80.6557746505121,"c","IV"
765,58.0190072980134,33.3607105433165,34.6409840657785,108.825623506706,"b","III"
766,57.7121438657513,34.5250309708332,31.3432206600895,94.9644048320302,"b","III"
767,55.7174865801637,34.5797894496692,31.9581402067621,89.2414154909145,"d","II"
768,58.6213708090054,33.5858072979036,30.8245899277558,101.227108296253,"c","III"
769,66.6619611958341,40.0610985385772,32.2555316175493,86.5626786642247,"c","V"
770,56.1245682492965,42.1765608347598,31.3333663974463,81.5577033649237,"d","II"
771,79.1723847138135,37.2066545548573,34.5438435560874,105.478466630767,"d","VI"
772,64.8779411050356,34.4338595523589,37.9623972908224,82.5455951346222,"a","V"
773,69.6058275233935,50.1038875316998,32.1565206928872,108.203063633188,"a","VI"
774,52.7441731816722,44.8307839945781,39.9961607336943,123.682333799743,"a","II"
775,66.363304908413,46.4044444657113,47.060192033615,89.8247958100536,"b","V"
776,67.6213746501823,47.9192335022947,35.0983074108199,97.698893474216,"d","V"
777,74.8923339149087,31.8519216148438,44.1217009970964,105.851383955385,"c","VI"
778,55.7854762538012,35.9016817380098,28.784842273605,89.9316874691746,"d","II"
779,80.374996053685,26.682067067178,32.986534574738,94.796054906829,"d","VI"
780,53.563166948303,39.3468793366965,29.3412415244755,109.275187824279,"b","II"
781,60.8977963048445,35.1230907734062,35.8845317812654,126.48572480722,"a","IV"
782,54.7311677188826,49.427373545718,35.1240784311044,101.515684726955,"c","II"
783,49.2710558239089,40.9067838340904,25.4997039914481,97.6475473700627,"c","I"
784,55.7336906380465,41.0796116263152,36.4827558514212,116.746616268748,"d","II"
785,64.639799595787,37.8045693065098,28.0056564963652,78.6384977471857,"a","V"
786,66.1133808524197,44.3679071864314,40.2199114951618,88.4705401624031,"b","V"
787,72.456750971892,39.9724773585291,31.3706122614815,77.0962120079797,"b","VI"
788,50.1509834978113,34.6733627400806,34.4759211365279,99.9737632790773,"d","I"
789,62.5543623961689,44.8948867082879,38.790616691145,106.052089860838,"c","IV"
790,58.9288695586653,40.4916148121682,38.9164104925554,102.574426505805,"c","III"
791,53.7037526310526,46.0217786850551,35.921089821513,68.1682867428363,"b","II"
792,57.7979261169376,40.0159655714871,41.5847532214976,104.553393814701,"b","III"
793,56.896805747195,37.9662516821585,31.2978070832888,100.515247149469,"a","III"
794,58.4239438917796,44.6650708525863,33.7692019487631,76.327076835279,"c","III"
795,60.6914572025912,30.976213700469,38.331665974373,113.242672805164,"a","IV"
796,57.0378023222393,37.6448313436258,29.6520831180704,117.663724287454,"a","III"
797,42.951609490534,40.4758245393109,38.7919595805263,111.30978200421,"a","I"
798,63.0349518869729,34.9398690233892,34.7461065889714,93.4271339729142,"c","IV"
799,41.6498124559619,34.9867169431547,34.4115994563361,139.150943714897,"a","I"
800,59.6614900587536,44.5562503614809,38.3404173995779,97.9542167081588,"d","III"
801,63.5592671961384,41.1836539498532,40.8562135574241,105.669883757279,"d","IV"
802,73.9553243474255,41.2403630066822,40.3934556568082,119.073992095225,"c","VI"
803,58.1043329016866,38.1501864055221,33.4493929321083,101.552918998013,"b","III"
804,71.7239318926387,47.9424716021088,42.5378430253026,112.224028870838,"b","VI"
805,50.7286105860153,33.359613490807,34.3859802423483,62.1972842838136,"d","I"
806,55.7897213266421,31.6608475873809,36.0473594175404,101.597777580905,"d","II"
807,72.6120318773799,54.682303772371,33.3749299968046,88.450562138783,"b","VI"
808,57.4533116076745,35.8649686349775,39.9016689416093,102.423463513061,"b","III"
809,65.0064829503214,33.3822115418571,27.9899683623298,106.250004155462,"a","V"
810,60.4193985358728,42.501371750353,37.0509791107094,97.6448818184865,"a","IV"
811,66.8517156208209,40.9071797940666,36.3980470665652,96.5047334151544,"c","V"
812,72.4094811333707,35.9130536429553,46.0306971879911,96.2367773235384,"b","VI"
813,61.222958183984,34.2993394929068,37.5507796516518,124.569147970086,"b","IV"
814,78.5297650110656,49.1093296512097,34.2012729127081,106.593187613741,"d","VI"
815,63.9160744517424,31.8961705097718,36.5203633934767,96.7507978908646,"d","IV"
816,55.6426806373182,36.9650029869685,33.2042408055905,111.113290466253,"d","II"
817,65.6877178541122,46.2599218666947,31.5952096283665,93.3799736457508,"b","V"
818,66.1514458048322,28.7612388165037,36.604182876288,135.053665218709,"b","V"
819,52.8979177740963,53.3028451651512,44.7832844367899,85.2498035321066,"a","II"
820,51.0317459481225,38.4432417375576,25.2813470011824,102.075745242495,"d","I"
821,71.725986032593,37.2966170099699,37.6380650698305,96.4972388841454,"b","VI"
822,58.7614030983834,23.8911706372431,37.4540322117892,85.6032467784925,"c","III"
823,57.1709410469283,37.4197709228777,28.9575847211723,87.0792238506147,"a","III"
824,50.4444167937504,39.0554610808202,27.4391587430077,90.0519608285362,"d","I"
825,67.8072002834765,41.2467223092561,24.2222054532033,75.9508626168054,"d","V"
826,51.2377800230641,32.5496597665626,33.9835220133604,80.3385092138034,"d","I"
827,48.5776319906673,32.4041109501863,45.2864624988836,95.7971258237728,"c","I"
828,60.5916233121721,43.3391604928629,33.2370363882476,95.0557421686503,"a","IV"
829,63.557330471409,39.2394582530347,34.8955131099282,92.3534615099633,"d","IV"
830,53.3978824187269,36.3341633455084,32.3715009907834,100.893753863304,"b","II"
831,54.9613807381115,48.0830550888293,38.6423334780879,76.6845341211695,"c","II"
832,56.2840424586413,48.4670503585924,26.92435083883,99.1406250298375,"a","III"
833,53.9762640112326,49.3657682380913,27.2367941240434,77.180179998008,"b","II"
834,66.3967614666096,43.2598975477139,37.0790543020728,89.9902571919776,"b","V"
835,63.2868555811952,41.3573851900376,31.2464375522717,105.53900294555,"c","IV"
836,57.9067244565357,30.7148440405681,26.6069665628446,94.1294319947708,"b","III"
837,67.7480147004551,41.8529388797784,34.1637381486341,117.117866657249,"d","V"
838,69.781178629791,37.5603568718184,34.8244495416637,78.5875980108435,"a","VI"
839,80.9738105206127,32.3623277268035,28.4739515736932,108.302890546901,"d","VI"
840,49.0260384070599,42.370271367199,36.5235605691487,96.8517627534969,"c","I"
841,57.959552578117,37.8079135058155,33.2955256929415,86.6638351339251,"b","III"
842,54.2288335515487,40.8707638502717,28.6524887939697,107.650868571215,"c","II"
843,75.8157262240874,38.6484078916287,34.8812999157925,116.780249579503,"c","VI"
844,82.3085850766258,35.474593045225,34.605182787987,100.698148599546,"d","VI"
845,67.1561571534514,36.6708155585903,37.5296462552051,70.3412503786636,"c","V"
846,53.4429018963034,43.7199564732212,39.1089214696329,89.1465792486246,"b","II"
847,63.3733841833855,37.1074176204702,28.8021670426363,99.904262718393,"d","IV"
848,60.1496943066076,38.3299841513472,43.7159801839146,96.489900194497,"d","III"
849,67.5314872340233,40.0379022491379,48.5957570910947,110.236601610202,"c","V"
850,62.7357888767217,36.7419347620488,28.9097567584191,89.2890420132317,"c","IV"
851,67.8963585388699,43.0148705944963,43.7824728986688,89.6309051680914,"d","V"
852,54.0684546320859,49.230109206325,29.1698375439085,81.1891835204956,"b","II"
853,64.160305775959,42.1202337437732,39.3136697691751,86.3054485260464,"d","IV"
854,61.2033564528952,30.9634766055144,31.4556019569764,97.672141635048,"b","IV"
855,55.8764449562265,44.2231609650063,41.3493419352984,111.146221597746,"d","II"
856,70.2439450120466,41.4451061445024,34.5189698195946,98.325937073383,"a","VI"
857,64.1363819183415,45.325174362762,28.138834921122,90.7380711946585,"d","IV"
858,66.382441133956,41.9150669939612,28.9882600810972,100.309095337538,"b","V"
859,76.6704522613599,38.9038041209287,36.4435629611878,118.312436737273,"c","VI"
860,75.8801593753684,43.8429930428813,28.7459103151036,124.27245315645,"c","VI"
861,55.6296043307342,43.0480132485646,29.0823674783293,116.689158619898,"d","II"
862,71.0014631257341,44.0038083715415,40.820377658282,91.6769822818847,"b","VI"
863,61.1714246433075,30.4677628134268,38.7960879552116,92.5115108847686,"b","IV"
864,59.9321760865037,40.2103211100443,35.7254540630273,96.4143417017105,"d","III"
865,66.9274590465825,37.9262847244201,29.0890874615599,99.7276089505242,"c","V"
866,66.7883971780131,33.0268475610391,31.1526825445636,125.175142020436,"c","V"
867,59.0855143563079,22.7039110572838,34.6354494479341,95.8387050480747,"c","III"
868,59.0684885242749,41.6581544426625,31.7141326393373,105.357410081834,"c","III"
869,60.3479040601076,56.2819326979582,27.4020664939239,104.526480633667,"a","IV"
870,62.411160014195,40.3273423673984,41.5164721925453,98.6170680208491,"c","IV"
871,48.7143239397958,42.6085266634998,30.6529186365106,93.9264103993712,"c","I"
872,68.8153806962192,44.0287619373142,35.4802539202522,80.4418120604963,"d","V"
873,64.2764654644373,35.3765376550215,36.1131955854882,124.569091132121,"d","IV"
874,61.282733514408,51.8099546766265,33.9239940877412,93.0425404518971,"b","IV"
875,58.6663838173315,34.3064904751528,33.5125526049027,105.576761819011,"c","III"
876,59.8246437945719,30.8278743794783,36.9451454203391,85.780772337164,"d","III"
877,69.0194058683804,36.4120641674575,39.797254765187,109.146829158593,"d","V"
878,50.044744853596,42.2915915081419,36.2027526251183,90.4889402093198,"d","I"
879,68.4852110908665,39.1747188702719,30.523309915782,93.3146464564173,"d","V"
880,63.104256563655,35.5845970364986,33.1350137342069,132.890781713573,"c","IV"
881,63.6291329344946,36.5594266993945,39.052065731029,120.087698353539,"d","IV"
882,52.343142418052,49.0723050131013,36.2579602455105,109.736031459165,"a","II"
883,65.8786928850599,39.5024272804491,37.1087785718343,91.1761307787053,"b","V"
884,44.391632986613,39.0044557726003,33.7102229055407,91.9279576329965,"b","I"
885,69.485429931764,39.5729854180793,37.9938124643601,118.816520110566,"a","VI"
886,56.5164908759514,39.1552046686834,35.9741596138356,109.722410461432,"a","III"
887,57.4859302619969,44.9315121825506,34.8252772712562,104.582411934749,"b","III"
888,47.4415380163382,38.568105127119,35.6486714155863,97.995964808701,"b","I"
889,50.3767455970372,35.2565963917005,28.234914142594,81.9728567847354,"d","I"
890,47.7907349749206,47.6005767414052,33.0602278732734,88.6307959672609,"c","I"
891,69.0985145635751,42.453709719541,36.8000905862423,96.3675418132697,"a","VI"
892,63.9301653503358,37.0971009822574,35.9897836375723,97.9457317866713,"d","IV"
893,52.1114103605071,39.5248490025246,38.730420563289,78.2812584127735,"a","II"
894,54.0376259092751,50.6030381388187,32.5963286892188,107.059787711658,"b","II"
895,45.6321207755476,40.8773473124883,34.6779055907389,81.5975012419325,"b","I"
896,49.6280597288657,36.7010591561219,37.2273870579224,95.201723760643,"d","I"
897,70.563227708647,35.5942717647902,27.0226490988922,64.5207020008119,"a","VI"
898,61.0570505210904,50.1409837031553,33.551008799612,95.1966421892887,"a","IV"
899,54.9094712339953,43.3754151149841,28.7895639054608,116.672945990404,"c","II"
900,56.7682741031751,39.8541603813307,31.6813156441472,85.941208463073,"a","III"
901,62.9752870617702,33.3732474024513,31.8517985025519,87.209087645407,"c","IV"
902,62.0892005306499,36.2143447746538,40.87943250009,104.586367650646,"b","IV"
903,72.8047343707179,33.940490614357,34.4460297796662,98.7308693758496,"b","VI"
904,61.4564290069219,34.9598418928014,28.3513035707747,100.41589866239,"b","IV"
905,72.663145537891,55.8469575135735,36.4274808524109,130.928698130143,"b","VI"
906,62.74732580324,42.5371015469754,33.7679950346398,93.5139207198877,"c","IV"
907,46.669496705811,36.5359346412938,40.2983244997087,92.9366278798754,"b","I"
908,51.7724803343987,47.5029117185015,35.07246333372,71.0934593860835,"a","II"
909,54.329942712698,33.7648002715849,34.7513940572202,111.835455129593,"c","II"
910,69.1251541423174,28.7223868775967,36.3812467356341,87.1524103310498,"a","VI"
911,66.6209875207051,43.6390935076994,34.6116242752793,114.844450968558,"c","V"
912,70.8013057244317,45.64474332877,31.3382000650016,85.7819354790965,"a","VI"
913,55.6155390023438,45.9364461568555,40.8011086187153,101.161160541896,"d","II"
914,53.9977225965223,43.1808423378252,31.5560501486588,100.164210622559,"b","II"
915,67.5577140945917,42.5546428787785,41.3664475940985,83.0198380938073,"c","V"
916,61.8334062942794,28.4325948969132,37.416272298619,56.9145260815071,"b","IV"
917,51.8381479583108,45.1830323462085,25.9794844465022,99.085975930781,"a","II"
918,60.0371696572161,36.2555269838656,42.0094406210813,100.84232071145,"d","III"
919,72.9904321095584,37.0802919105172,38.4305438700143,86.0479481165536,"c","VI"
920,61.8011084252134,39.7243159789491,40.1625668840851,70.0662459111664,"b","IV"
921,74.7591220262309,41.0811175530379,25.165298907317,90.5173152666757,"c","VI"
922,69.9447408288575,33.9235519349046,20.34087291913,106.055359907891,"a","VI"
923,74.228425534111,40.8450838809654,38.7458527958365,99.7432103033869,"c","VI"
924,60.6518990497379,35.3279521729988,40.5875950931868,99.587303936881,"a","IV"
925,49.2452872831836,38.3713895601564,33.9094448127703,120.969772802058,"c","I"
926,57.0147473608582,48.3336623598289,34.1982263129539,123.135563522207,"a","III"
927,69.3423843215939,31.2234853044062,38.2514594232551,77.1015172009467,"a","VI"
928,51.5742232522372,46.8953100257039,34.481181934042,114.707027524839,"a","II"
929,60.258521254829,43.9558558179849,34.3028660572108,90.938346182738,"a","IV"
930,59.5002322727177,50.8216573224539,34.387774729432,113.316491853403,"d","III"
931,56.1464220574099,32.5716526946461,34.0126548833437,115.125542121775,"d","II"
932,50.0144245295122,47.0834976891662,34.4932973125337,113.876096420343,"d","I"
933,50.3260678202561,40.6931253170192,27.6556303810474,83.1277886171541,"d","I"
934,62.3368005895739,46.4114045737833,41.2896292973813,115.561289329565,"c","IV"
935,54.577308413328,43.941814265358,34.1433435566118,114.660500954371,"c","II"
936,56.6139422586061,32.8030131753543,35.9729477106444,85.353755658698,"a","III"
937,73.0182930082141,38.9174898273183,35.1489387432372,110.171421666221,"c","VI"
938,31.6048346164921,28.6450888682912,27.6389124219628,97.5926139811138,"a","I"
939,54.5304102061993,39.4501011335153,41.4336758921163,114.01152922419,"c","II"
940,61.2700857611636,44.4767206709015,37.0265265769028,132.493247694563,"b","IV"
941,59.2274098432172,56.0834943018136,27.2069057632745,96.2248795404987,"c","III"
942,56.2325596691967,43.0928482169436,32.2548235775224,80.201797510862,"d","II"
943,55.4983671479964,42.7295832374222,35.854416205474,113.180187909453,"d","II"
944,64.9815748566953,38.0457028523223,39.423531257066,116.728161653848,"a","V"
945,42.6026841865332,43.0106602787199,36.5706527975861,111.992066189662,"a","I"
946,51.7666564441567,39.4346802496881,25.028013141479,97.701625398635,"a","II"
947,65.2695868599691,40.0354272103244,36.1638491055911,101.203262544807,"a","V"
948,63.1964955577904,49.2957694663464,39.652010733073,106.092508180357,"c","IV"
949,55.429819476405,47.9894026348762,38.0040959715987,96.207953299196,"d","II"
950,50.8733914593458,42.5278093668834,41.0541837889311,123.191470825984,"d","I"
951,54.0916046950351,49.8364644278854,25.8703524450452,89.3744202659196,"b","II"
952,64.6518591029374,43.2908693870785,35.7043539366831,118.569000786958,"a","V"
953,62.6628011995196,40.6121526861657,30.1544887927022,114.76166528273,"c","IV"
954,58.3582076766048,41.3937365862992,36.256357943844,96.2872723414298,"c","III"
955,49.0533631368204,45.9504029214512,32.4980727856435,99.8607901729706,"c","I"
956,53.8019406564375,33.794876646658,34.7478664774669,100.583883770407,"b","II"
957,59.6113819493149,43.8235897492873,36.0323098177149,137.292408150911,"d","III"
958,59.5185943966702,43.6254072457966,37.304753580051,77.6239438349672,"d","III"
959,46.5134915818859,32.8816756021712,30.3792386368675,92.809422357161,"b","I"
960,71.0770600362534,36.3051909981949,28.4395136510977,79.8081937483602,"b","VI"
961,54.6721593432724,38.5778565343945,41.3011676917602,80.92942018852,"c","II"
962,60.4394653350321,55.9069701382242,33.3760777646735,102.27750358572,"a","IV"
963,63.0862047293343,42.9950656515012,41.2291042433213,119.361748572666,"c","IV"
964,53.5538736732742,43.7100932747815,36.5690405268222,101.072995309864,"b","II"
965,61.2732249071496,41.7574557397761,37.262948821989,84.0507951236289,"b","IV"
966,55.140708110928,37.3651585113614,32.160465458419,92.0973827341015,"c","II"
967,41.6182567781487,37.3573300106061,32.8487381053806,84.5574108810454,"a","I"
968,59.0003528709126,41.64992939696,31.0443154240636,92.8068791465643,"c","III"
969,55.2461393568992,36.2496876518708,40.9008145880723,86.5798435762722,"c","II"
970,52.8173105597898,32.0424231000027,35.1149957576374,88.495380929878,"a","II"
971,59.0151167162053,42.069234436402,29.69811406069,111.200182987014,"c","III"
972,79.4318374049168,45.6526550320314,37.4034466232879,96.1854562210093,"d","VI"
973,55.8027169201255,51.7361179343859,33.1539462730042,105.858708258927,"d","II"
974,53.9209778766435,51.2117556354785,24.8671079769767,93.2447094429293,"b","II"
975,63.6200651762682,40.3662395760661,36.8023284720302,88.4058106415986,"d","IV"
976,62.1032573393101,50.8793761509576,26.4457571184379,93.3661682347773,"b","IV"
977,80.7793319545631,50.1372060420707,32.0851705358375,140.356943800583,"d","VI"
978,67.1236503108706,36.8365890692707,37.7833203022916,105.039287318304,"c","V"
979,63.5021080061791,41.1857227546771,42.4595470700145,122.666348840154,"d","IV"
980,53.6250913379108,41.6873595576403,41.718897303304,94.8748456266887,"b","II"
981,43.6475681237141,32.8723369126595,35.9556138225302,102.119940854169,"a","I"
982,46.6460325543015,41.5401213090011,41.4275249602741,85.0721974813242,"b","I"
983,69.9689242330776,34.7533723109048,35.2512855519549,92.8478316771775,"a","VI"
984,60.0085337670221,33.9079804293067,41.1045316227774,76.3265369530693,"d","III"
985,66.6758529314931,39.983768858453,40.2525038638521,101.19132498617,"c","V"
986,59.6081611657497,45.5380278303165,47.3879558665435,102.861514025772,"d","III"
987,58.7338326672051,43.9905765095089,30.6145757821784,96.0287291327162,"c","III"
988,68.9298237659679,37.2331998930918,37.2146490791337,92.5168308417267,"d","V"
989,68.1763904218419,48.5414752577781,36.7184401946473,108.336760601011,"d","V"
990,63.7354945584796,39.3000848910375,25.584589450025,102.384776128658,"d","IV"
991,58.1477539237233,44.800751765896,36.9700058987973,76.5854788260208,"b","III"
992,76.9328581816107,43.5883774200696,37.4426614961166,113.309115089735,"c","VI"
993,81.2412374311896,42.6013210990678,41.3361730821468,117.646011454364,"d","VI"
994,55.940883083889,49.1503410908294,36.3584614462177,107.584038607901,"d","II"
995,55.6254133186167,37.5510667229459,36.0190704316436,84.0964963985027,"d","II"
996,87.1504172986998,40.7485294090275,33.0498415224996,99.2308782335376,"d","VI"
997,68.275011303806,44.7327313286519,40.3661598191315,68.0920211174867,"d","V"
998,66.3153785119041,41.5934175038701,30.7982752966361,94.5623425492708,"b","V"
999,68.1347898865436,35.3750475375535,27.8313339887089,107.176931070844,"d","V"
1000,82.2089671655372,47.2793782180386,34.451978791505,82.9347456531206,"d","VI"
1001,56.0001630605244,34.2138531000531,31.5469044573934,116.560165347893,"d","II"
1002,82.2149062928314,53.1000367838077,36.6199099360481,86.0471465451778,"d","VI"
1003,82.2106464248737,46.5001106143412,43.0379712291581,78.0481509389679,"d","VI"
1004,62.6992560211716,41.0962932845061,37.918703234819,95.0235542428483,"c","IV"
1005,59.5610912388617,32.3739835937245,36.6093822105004,95.0815079181172,"d","III"
1006,50.4804308643603,51.5727569533741,31.935945840763,116.841667822378,"d","I"
1007,40.2026478809575,43.4616061424056,45.6017125883895,109.411796586571,"a","I"
1008,68.0157841387326,45.5398136831289,32.11800468171,103.230569315414,"d","V"
1009,42.357484767904,39.310670720254,27.832160699521,124.678414130994,"a","I"
1010,55.856790934705,37.9292631653571,38.7344695332158,126.049378509155,"d","II"
1011,67.6234997103612,53.6412773492095,37.390344632719,121.842645061901,"d","V"
1012,58.42049820297,41.2844662723062,39.1088298246698,85.9144721435998,"c","III"
1013,64.7638832851719,50.034160770372,32.5927981537732,106.271317324904,"a","V"
1014,63.4800189638777,40.7300213062666,29.0547341626664,91.5438415943141,"d","IV"
1015,55.9289359685959,45.4126660337593,43.1252898664501,112.373129285857,"d","II"
1016,67.3625903251662,40.7998726610002,39.010114842467,92.4833711978457,"c","V"
1017,63.4265900904244,41.3625955694369,33.3451230570691,110.661959535782,"d","IV"
1018,75.5192925766378,49.3539338526315,31.2646721619348,78.9992176688775,"c","VI"
1019,51.5182211955891,34.9955397680211,41.8670226565745,93.9741041371377,"a","II"
1020,60.1562080764001,34.2275806891919,34.0085288686355,99.626875622154,"a","IV"
1021,81.1197052440286,36.5065317287219,36.2386065072561,104.702516123566,"d","VI"
1022,62.6009701847636,41.0731885151526,41.8874241710648,102.731211421734,"c","IV"
1023,46.3374569345189,42.5197510259411,36.8849895524062,114.389457319459,"b","I"
1024,66.8692033686151,24.3156323407557,26.8091753785866,108.045633474283,"c","V"
1025,77.518096049362,36.5738992132344,34.2993229832162,131.426614045019,"d","VI"
1026,54.0244959049694,40.796487798691,33.9699687967532,100.504990354575,"b","II"
1027,68.4773913116702,38.2977633648073,32.2204759830681,95.58596207874,"d","V"
1028,66.4476116483378,46.0562577046956,38.5186687101865,88.8789543971426,"b","V"
1029,66.1500533360545,37.8787257161949,29.4676341043879,77.5910998231331,"b","V"
1030,36.735030807926,40.5159975682165,38.1765728843733,98.85258003775,"a","I"
1031,65.0679662502358,28.4663405698045,18.4767847565207,95.6530829484644,"a","V"
1032,68.261333190553,29.3705332395063,32.8376948431725,106.173250444397,"d","V"
1033,78.8325248345207,35.6552165782861,40.1262654099493,84.6478746798321,"d","VI"
1034,59.9014593202715,37.2265914925725,36.536293312641,132.189742677603,"d","III"
1035,67.1039940120736,36.7363587116587,35.551304103877,127.872043289333,"c","V"
1036,60.5037657347705,38.1464226980154,32.6489981671427,96.844827603816,"a","IV"
1037,51.2063048399944,39.9409332697933,30.556876918933,64.5486761499623,"d","I"
1038,78.4621889921626,36.8278374745832,40.245549816578,115.138578044865,"d","VI"
1039,60.8961834943509,44.565575567771,36.9302290636695,95.5830459930357,"a","IV"
1040,65.3500718545423,32.8241405956737,35.1259063255599,90.381506378083,"a","V"
1041,56.3247874400773,33.633036182964,29.739039619529,77.8333690339925,"a","III"
1042,61.676221101925,38.1074094135976,40.7028927797573,100.942392371713,"b","IV"
1043,55.4102804792403,39.1964383608899,40.960031146031,81.0900975411702,"d","II"
1044,77.3402445740078,37.6265664376509,36.1498244324095,111.298219697112,"d","VI"
1045,51.8794037053313,52.0847255207403,35.1479343454433,109.804741349714,"a","II"
1046,48.6705906655706,42.8542982640785,26.4357692829951,83.1591124497092,"c","I"
1047,54.0896005053398,42.3829108026143,35.3726082040062,122.208173288256,"b","II"
1048,79.155506828255,40.1131510543075,33.8599767310754,83.606267489121,"d","VI"
1049,74.371496908288,31.6193808583118,35.9177300906791,90.339420735351,"c","VI"
1050,70.9325981209605,52.1806970252318,40.5791485889846,83.2939010327269,"b","VI"
1051,53.9194743388321,46.614426239345,35.2488126892386,108.05904090516,"b","II"
1052,49.0525041828873,38.869832495416,33.5188720435925,118.598559397915,"c","I"
1053,67.2504437065041,35.5183260068379,36.9030098399046,97.2784265034225,"c","V"
1054,69.0881915931581,48.0788609796723,31.0446535507638,123.190261575338,"a","VI"
1055,61.1664806044674,40.6918791051849,43.7126963140548,99.4706809466147,"b","IV"
1056,82.4948593421306,43.2149126542986,36.1737704605493,91.719904595036,"d","VI"
1057,67.7776878438655,40.3434552442937,33.8156328558377,116.842450513111,"d","V"
1058,58.8012039871602,40.4255441194492,43.1045334658769,122.244125474669,"c","III"
1059,63.6671644934401,46.0055872453975,37.8377884270772,106.072646902009,"d","IV"
1060,55.3632102884902,46.653217963538,35.3292238641206,111.220176811656,"c","II"
1061,59.5255216229671,28.1394886383108,28.097215725902,115.043710553304,"d","III"
1062,53.1270822362139,30.903308880413,34.6106585290861,112.246667340143,"b","II"
1063,69.5241380090866,37.639749060568,33.4610678883035,65.9236878273585,"a","VI"
1064,45.8087544483758,27.1035162355009,37.5889173217835,79.7290931139521,"b","I"
1065,77.5470801187764,36.229084426731,36.4374624309846,92.4490117152696,"d","VI"
1066,69.3398311090217,34.6410585384795,44.4209752659293,106.166213418153,"a","VI"
1067,59.9864563427735,35.8819688397806,43.6278710470857,116.006099793141,"d","III"
1068,75.7986657905583,43.733314784034,38.5828695921751,114.815169191953,"c","VI"
1069,52.9446423689565,35.5110083321513,36.7579371323374,75.3263246849373,"a","II"
1070,66.016517641774,42.627034024836,32.0727921854843,102.348837645761,"b","V"
1071,66.3458382289169,38.3149223887744,32.6318488444646,102.903219200581,"b","V"
1072,47.5152534666898,37.7917172612904,34.3721102484178,109.576679862748,"c","I"
1073,53.1083258533966,24.7102863973744,24.8726578904971,101.572563700658,"b","II"
1074,43.2710156391395,51.3851642656549,26.2538451360784,94.888687717639,"a","I"
1075,57.6358465845781,42.4776849248794,30.5153290493657,120.266001994609,"b","III"
1076,73.8355376691897,45.692203013844,38.9259085872712,70.7352157267703,"c","VI"
1077,51.6558277741783,38.8760367914806,27.9043213567244,72.5085786042195,"a","II"
1078,63.7904977736316,40.2648373459025,30.9383723140337,72.2978746316875,"d","IV"
1079,59.7316627666694,36.7870019446322,42.796418792985,96.072526096826,"d","III"
1080,74.4718416456699,38.2218286140974,32.616465644184,90.90110591803,"c","VI"
1081,59.903276522355,33.5565180039909,34.2484333517517,96.0681448436123,"d","III"
1082,47.3304527636718,36.2706685845405,38.570076137515,73.9647315328292,"b","I"
1083,53.6114950745523,40.9484685916147,34.6219598268427,126.24041543695,"b","II"
1084,61.814354641244,38.4689200775951,33.7085033956939,92.3118970715996,"b","IV"
1085,45.8537547490516,44.7174218895026,22.6017966328501,92.1842186965155,"b","I"
1086,53.3969313129891,44.4852047445673,36.8742823937364,81.4724266773496,"b","II"
1087,61.131601767145,33.7474059219143,26.1299017873163,96.1002726588206,"a","IV"
1088,67.53303310225,32.1841601668435,39.4184006632889,104.301867312185,"c","V"
1089,57.4636193262688,53.0873724821154,39.5155582983974,107.562223563668,"b","III"
1090,59.2912259810219,40.4581170518681,33.2208951095393,110.126119778806,"d","III"
1091,52.011134675724,35.8944031883304,38.4234503628782,95.7983628822753,"a","II"
1092,68.5753849019267,32.4094933392059,35.4897077782526,107.412839303494,"d","V"
1093,59.0370895998651,37.5809222636153,26.9115306743518,77.2073368870538,"c","III"
1094,70.6022341424069,43.9192942075553,40.624968784233,102.177274589471,"a","VI"
1095,65.1250452239488,34.9300670355604,25.8135949245445,88.9284466998603,"a","V"
1096,76.8586368997411,43.589520708873,38.6149608150443,95.6585626323433,"c","VI"
1097,61.9051714469399,47.1417014669386,31.5303097386675,97.7383431576886,"b","IV"
1098,47.2485879943774,36.907116061509,45.7782232330195,48.3372170613709,"b","I"
1099,70.5777801752227,42.9392733202405,32.9072066396442,109.25714141301,"a","VI"
1100,59.2417238386818,35.2453620083917,33.5441757278054,103.375141892979,"c","III"
1101,68.2453076841235,40.9326091839075,26.9797952399644,104.666920803036,"d","V"
1102,62.3763269606345,43.1109782860353,27.3010257014788,83.2115986911296,"c","IV"
1103,66.7258084459223,31.583700507682,35.3637084523487,70.5655969618822,"c","V"
1104,44.7516716958052,47.9675589831086,30.5939967054645,108.81615520808,"b","I"
1105,39.127889545135,43.0666205243953,34.5979953605412,96.5273106990773,"a","I"
1106,70.19331531289,41.5209865553417,35.1107517143378,117.315171456442,"a","VI"
1107,59.8143932681514,33.3363165463942,35.2531942627881,103.294759070188,"d","III"
1108,53.178380053698,34.4584247915531,31.7110069856701,85.0391646158562,"b","II"
1109,58.502056176956,35.0884561733131,36.2844116196768,89.8622577144095,"c","III"
1110,54.7259011217759,45.924592288941,37.787158839688,98.4754698656486,"c","II"
1111,63.11950310514,45.6604122824241,35.651743729092,103.378502876649,"c","IV"
1112,49.4229163013951,43.0969880491059,37.017125942862,84.7462314276265,"d","I"
1113,50.0011446251124,32.9334343626327,38.9516586686344,115.727310920407,"d","I"
1114,60.2903191821056,44.2497731577802,33.6876842878812,92.9532341642304,"a","IV"
1115,56.7625491789219,38.1107955719232,44.5066807815805,78.3663451952433,"a","III"
1116,59.1279685231484,50.3254140258726,34.1068960044573,112.276464283317,"c","III"
1117,69.3875365266616,44.9770702904263,29.9129425806657,102.306002157955,"a","VI"
1118,72.495876137927,41.2217680122571,33.5277931933462,98.0802311923287,"b","VI"
1119,52.4718882550383,34.9287008592395,35.973996918337,98.6246183550027,"a","II"
1120,59.4414013988055,34.1558796750351,40.2710263732835,72.3678371394688,"d","III"
1121,62.0064409015181,34.9567381838517,32.0730001291266,120.27484879923,"b","IV"
1122,63.9825602037471,32.2735397645439,42.0987222049111,107.117816337385,"d","IV"
1123,73.158214122791,39.7921676902774,30.3795827672677,107.570025043529,"c","VI"
1124,55.4989889191934,36.5080560719753,38.2512125773864,74.1297849681929,"d","II"
1125,60.3403214172454,40.9774880181712,33.6772363732286,111.473340481757,"a","IV"
1126,45.2091282502129,33.3702233477341,35.0265103054548,63.9790689956797,"b","I"
1127,49.6795480133498,40.4437470692658,40.9982484443181,83.327002934232,"d","I"
1128,58.2242926794959,33.0061414554096,38.4418908831801,120.589414057209,"b","III"
1129,69.1349117845942,39.920137730206,37.0070889054701,83.6538405751403,"a","VI"
1130,56.2460828051676,37.8088472323767,33.4644858757352,100.887516329674,"d","II"
1131,57.9988395118059,42.0858964387682,39.2037738050737,83.7097342732439,"b","III"
1132,57.4700508404636,34.7177315940771,41.1112997348576,113.19615035677,"b","III"
1133,57.5811584377796,40.6350332703514,39.0560654235004,129.14883359529,"b","III"
1134,44.5966949946323,42.0826185175393,37.1998466946579,112.789248769013,"b","I"
1135,52.3367937799335,45.0543966256536,32.8807702611304,101.183594148868,"a","II"
1136,67.2628496354518,42.6772277105512,35.2600845550811,70.4987596004247,"c","V"
1137,74.786121175067,33.1886792205588,39.3784618876149,89.6494133950247,"c","VI"
1138,48.3957228679684,37.5607771300222,34.2261904035766,89.331096484899,"c","I"
1139,69.0037534812679,32.9761559053291,30.7305520527816,98.7320179935872,"d","V"
1140,64.8762302505352,37.3792801550533,36.3783263149815,81.1340119943223,"a","V"
1141,57.3806003500373,48.1299995018504,34.9430159766005,92.010037319215,"b","III"
1142,62.3743619766472,44.9587120048139,42.7908240675395,96.780948244636,"c","IV"
1143,60.6450203184392,34.197918867773,27.9151041816251,85.1020106367198,"a","IV"
1144,72.359935691168,48.0909991257994,35.0114565847894,118.499936789881,"b","VI"
1145,57.401838402511,48.0563739129201,40.5096207622845,84.8911659990365,"b","III"
1146,73.8674353407794,38.9015128620465,33.7739649306397,92.633687955785,"c","VI"
1147,46.5206180135192,34.0407736102684,39.9579072936358,72.069558096275,"b","I"
1148,53.322343166204,32.2013616670741,35.4184408332979,62.4377122944743,"b","II"
1149,41.0187724606256,36.0425293358817,34.5278081211846,85.3817507506287,"a","I"
1150,72.531540324735,34.9760912598366,36.3954147524352,82.4233587262085,"b","VI"
1151,58.5457959398991,38.7240572886212,30.1757862586557,118.457804845148,"c","III"
1152,60.2776015442365,49.4415399887276,29.4774374770731,112.780318659962,"a","IV"
1153,48.8985237930316,38.0399699370009,36.448661950413,85.626131548101,"c","I"
1154,70.0507918036221,30.4299311842562,37.3037746787704,104.259869059086,"a","VI"
1155,45.5968756360492,35.7788614637724,32.5170296147875,121.618209095915,"b","I"
1156,60.9237403292612,24.9818538270711,31.9654269116975,101.827190292787,"a","IV"
1157,53.8211013556761,49.3474464031995,34.7792806151523,113.680759087415,"b","II"
1158,56.3319137194015,36.692998015215,46.3696950195784,111.513921869935,"a","III"
1159,54.5569036274295,46.9817863717337,41.5504742583896,122.517729380117,"c","II"
1160,58.3618913591344,39.7135320517099,33.8278638441323,119.81791325877,"c","III"
1161,56.8650434046836,52.7327874022602,34.7087891275452,95.85529230267,"a","III"
1162,71.2752767569691,35.7639859322979,29.0463854176183,75.3907919717376,"b","VI"
1163,67.143627932926,31.8025390028785,37.1034401937382,109.784013247095,"c","V"
1164,47.9702046835991,41.5738015615491,44.2641048897446,96.628759476931,"c","I"
1165,55.3681298561278,34.1775894069041,34.736167193782,126.100425174995,"c","II"
1166,73.2752558173268,43.2164478212754,42.2018905229262,105.19691165285,"c","VI"
1167,56.8335341493927,40.9038663198045,32.1796990080571,90.0829123232764,"a","III"
1168,58.5127516469298,46.7245382507619,29.9742218095638,95.4264517238395,"c","III"
1169,73.220518336147,35.6985799704011,32.750782272878,94.358479085299,"c","VI"
1170,59.0666183526065,37.9332233379635,30.4814551757894,110.714727777347,"c","III"
1171,61.331576075657,32.5392541130636,33.7437930939374,104.63245430417,"b","IV"
1172,50.1767824293032,41.3026311828704,31.8319695803733,108.96208777507,"d","I"
1173,53.085401185787,47.973824680774,32.9001084338711,114.314535573967,"b","II"
1174,74.9822921522149,34.2793621256466,32.8939608112808,89.134331263213,"c","VI"
1175,66.265755954129,36.3483873701644,42.2153489033592,92.5836795617236,"b","V"
1176,57.9255343996348,34.6567076524194,37.6181823225294,81.516684877704,"b","III"
1177,55.2645819119422,40.5934153189448,31.4097447739662,98.6679281817797,"c","II"
1178,50.9516893649493,39.9661144855474,32.9874487189038,98.5629674683384,"d","I"
1179,54.4122406188551,42.0786608906505,36.7039626809755,91.8438340257212,"c","II"
1180,59.9034953456668,40.982842281801,34.4051850629121,92.5670723596634,"d","III"
1181,67.6701717032852,35.8451614089364,34.78960103634,108.673866139781,"d","V"
1182,48.6432374590588,28.7605287970503,31.8588829272743,132.346140443257,"c","I"
1183,64.6900930849587,34.2989065625263,36.1114556274228,105.363873798811,"a","V"
1184,65.4054947844008,43.1356772694497,25.3159278675815,110.197008554785,"a","V"
1185,58.1295768608257,32.5557096319266,43.2647873854815,81.6241498628802,"b","III"
1186,67.272352123408,36.3307203710032,37.0319843664246,102.326762695835,"c","V"
1187,64.5137629036735,39.8374612986909,47.4780696688075,77.2525495758884,"a","V"
1188,68.8432543175707,34.0775589890518,35.9432925505806,89.324913429497,"d","V"
1189,68.606354345221,41.7845300837945,36.2165876932815,98.9143178088482,"d","V"
1190,56.5927890814302,30.5669312796079,22.4863138354353,110.171153587771,"a","III"
1191,61.9994228790905,45.4805957890499,36.4294449353355,99.29161852952,"b","IV"
1192,71.0041532550162,43.9862229288455,35.5061906015379,108.751323813543,"b","VI"
1193,38.6564939689998,35.8978482939036,33.051635458332,76.3868983767878,"a","I"
1194,63.6046665278606,43.6304447632907,30.1933913177644,115.975447366832,"d","IV"
1195,67.0555056094588,42.9700780959732,47.9535549212942,76.52496232797,"c","V"
1196,68.7490866296923,49.2503402662392,36.5426149261709,111.488543877897,"d","V"
1197,50.4723972309203,40.7968767230837,27.5996696550464,97.1297176983822,"d","I"
1198,51.291211840514,41.3570284842403,34.8086665554207,72.5658186319451,"d","I"
1199,50.5199825580964,42.4985345661089,38.6929434236496,68.63504278913,"d","I"
1200,56.7230819445426,31.4095647621162,38.397713570737,111.827341698944,"a","III"
